1.534678214143939335e-16 3.468823776238130569e-74 4.146956768855484809e-01 8.402607290514408866e-103 2.777956383846145738e-01 2.045771261420135289e-48 8.323726225807495355e-103 8.359062829269575637e-103 6.480048387952509921e-34 7.904787510444154236e-47 3.661871019959550207e-63 1.275267561786758888e-38 8.329489302984053781e-103 2.632559873664722105e-01 2.732060926500556527e-02 8.323726066073317381e-103 9.154394330638249479e-103 1.693208809835907575e-02 2.447811770961474183e-75 8.323726066073317381e-103 8.323726066073317381e-103 1.465497779409596750e-18
6.094988474701861069e-24 1.133230734338230592e-57 2.192779037942726600e-08 1.742888301368022280e-02 1.536319889168108199e-37 4.252466988715945056e-24 1.862446991928497224e-102 1.950670976458621000e-72 4.094499262976084192e-55 3.661762654605971168e-01 4.855828891020219341e-69 3.758634204857995154e-01 1.112965940341766246e-74 6.870988738140724082e-77 7.406686861639524470e-64 1.844909131760387498e-102 2.664827631638657117e-47 2.405314091121327769e-01 1.864218290078460514e-102 1.846414037408255825e-102 1.844909131760387498e-102 1.620939326189468077e-58
4.430314923196795059e-47 3.739479104495105413e-63 1.531668852551568622e-70 1.620780802481041263e-88 5.279172938687709538e-02 4.578436648891608145e-103 4.537906661300771285e-103 4.537401684224882600e-103 2.987452545185003208e-02 1.728196105641685292e-34 1.224835363089003729e-35 4.578098454788080675e-103 4.537401684222249486e-103 2.575003653090755374e-38 4.544225632957648105e-103 4.537401684222249486e-103 4.537401690035022590e-103 4.542719364577785058e-103 4.537401684222275262e-103 1.361220490659816734e-02 4.537401684222249486e-103 9.037215402546746601e-01
5.631286618624112421e-41 8.252647010203585452e-103 1.551647947226848187e-73 5.048278076250039485e-84 1.534752921276876791e-01 1.644064437659658063e-58 8.102866038133201477e-103 1.913774342397815666e-43 2.399601082860601013e-27 4.950669942016329590e-55 1.771829034990727652e-60 9.310144017931938120e-97 3.501974625014509055e-49 2.216665733973753735e-13 3.400067334496253979e-01 8.100344297930308703e-103 9.410162672020731300e-23 2.100365954327758427e-75 5.065179744224651559e-01 3.714341220094333674e-63 8.100343867725169848e-103 2.472891405580989526e-88
1.130866322326236922e-34 5.836003322707678485e-03 9.924410906821909961e-01 3.087072676633813624e-56 1.706598739309929887e-60 2.427921807825816276e-57 5.819072727562619606e-103 5.278980679302804222e-63 9.602779599227785166e-50 1.399526967132267379e-75 5.818396092560920428e-103 3.042141462924599156e-14 5.891482595067096058e-103 1.042176608101604288e-52 5.879087127185917501e-103 5.818396092560920428e-103 5.846183908388260573e-103 1.722905995070969903e-03 5.820598037201332269e-103 5.821368588982496955e-103 5.818396092560920428e-103 4.434445105684230043e-89
2.598177551130250990e-85 1.186328437040198330e-94 2.992009995195285707e-86 2.576365193571574842e-04 2.105947016701086028e-01 1.949633832064042892e-94 8.129405865913411313e-103 2.142949964823312713e-82 1.644816171544289398e-67 9.326926713500789767e-68 8.253283345488258896e-103 8.146160086277150563e-103 2.003866751385027375e-90 5.893047570158624904e-01 7.106883705215538694e-02 8.128843689555493986e-103 1.287740677425163183e-01 1.687199134568419136e-44 2.500351464479840594e-63 8.145432992544320541e-103 8.128843689555493986e-103 2.267024504045298092e-83
9.574210803873940430e-103 6.786513527764720917e-26 9.525642311191294068e-103 4.465241013756276657e-54 9.528644233670542370e-103 7.788818699515962389e-68 2.465756520703283155e-34 5.787543337732091881e-57 9.523799241860426352e-103 1.077972649898015209e-24 9.902333373310322484e-01 9.613784399911315924e-103 5.103980419768009274e-59 9.524870700532020767e-103 7.878594117859232949e-88 9.548666877953194996e-103 5.114706473134431497e-82 9.766662668589016355e-03 3.787730047057747930e-13 5.581755575051849208e-62 9.523799241860426352e-103 9.523799241860426352e-103
1.885525338643461665e-48 1.510905339772857741e-16 1.316519948263921958e-102 1.150761320558411210e-02 3.714119937092097145e-80 3.288131424752869236e-01 1.310056545169599492e-102 5.438605550081647547e-29 3.387436993156081105e-86 5.257912102214731126e-02 9.458998135974029019e-59 5.873775856509211281e-94 3.635991151910033345e-15 3.440711947289072978e-80 6.785207108243612083e-53 1.408754165322278975e-102 1.694189315746564006e-01 1.310344486831015470e-102 6.168726327312841359e-34 4.376811917223214499e-01 1.297787866567852052e-102 1.299206437511790846e-102
1.231098398834669282e-102 1.232083825247049479e-102 6.423985781774201022e-32 1.230900554857598930e-102 2.853684735712000431e-02 1.233106190483981808e-102 1.231292033321492610e-102 1.230900554857598930e-102 1.836861223608416416e-01 1.801326662149322151e-99 1.230900554857669318e-102 2.783631149998627768e-29 1.230900554857598930e-102 1.230900554857598930e-102 1.230900554857818224e-102 1.230900554857598930e-102 1.238041588879613801e-102 1.230900555333886940e-102 1.230918216791677792e-102 1.238090796000548323e-102 1.230900554857598930e-102 7.877770302820382708e-01
6.900857278982310827e-01 9.870512932555172953e-61 3.845359713065155852e-55 2.268477629094527714e-01 4.292613113293239578e-59 7.414628753681234509e-24 7.690890938867215915e-103 2.051550772734301781e-25 1.790086146234503650e-32 1.844065068172777962e-92 2.376264611682082537e-93 1.632982980547918045e-02 2.138286209388644660e-80 4.116779462222101620e-47 3.459843734091689645e-89 1.112731999864550278e-69 3.385564882943187407e-57 6.673667938683708334e-02 9.012045457079639388e-63 3.824002441987822011e-75 7.634493685344901591e-103 1.760882742142271434e-63
3.007846524209342806e-64 1.048213857759579886e-69 9.678613621278741166e-103 1.463530056260989309e-01 9.635653720226566069e-103 4.124400932173365534e-33 4.092494354410257776e-93 5.915995080151358332e-01 9.618625559979774854e-103 7.607371514375159405e-02 2.359486504818774167e-28 5.139638732804393989e-69 9.300786151131392907e-29 9.630057830863598544e-103 1.730001487643741120e-01 9.720038416104273627e-103 1.297362245063945867e-02 2.552932694981438346e-41 3.340645834546322698e-56 1.816144726389979113e-51 9.614333001822228344e-103 9.614333003282677060e-103
2.018272792761068767e-55 2.157664257770755502e-102 2.011664402667106192e-18 1.085828957906509247e-101 1.516060113162937570e-14 2.063225871286128605e-102 2.069226830155434994e-102 3.781899058564053540e-89 2.635242726606277131e-22 2.060189106216384618e-102 1.062988495997899470e-71 4.588751817658519629e-25 2.234261785759050559e-72 3.917141534018182388e-39 2.778198136473124553e-10 2.057552961427656394e-102 2.128401402005575954e-02 1.177254876357443220e-01 2.092561426392384669e-02 5.403619111039921654e-57 2.057552961427656394e-102 8.400648838024411535e-01
2.848378996203851550e-23 5.032486540252533211e-79 6.817713886105735899e-103 3.688454194362175143e-01 6.816478886327511575e-103 2.673782899260548906e-01 3.671441979941626048e-98 2.738471136531289388e-51 6.824309510016414765e-103 6.310638733450340013e-31 4.282219283522020117e-95 6.345335260514195388e-81 5.436917092420884473e-07 8.049204283421708606e-90 2.093723144912458780e-15 1.231471080844681784e-61 3.637757469452664871e-01 8.492948739139740306e-88 1.846700109504338915e-41 7.497906162594167639e-13 6.802768066849835693e-103 6.802768066849835693e-103
1.852371832209268179e-18 2.342748165683470815e-02 1.981504415937551401e-51 7.230833962428378567e-103 4.605172943668837671e-01 7.105029752102448540e-35 6.201777479801531657e-103 1.634995606888023689e-40 7.024282008353182325e-44 1.489482686726570706e-26 6.201777479801531657e-103 1.618010486962991046e-01 3.260614799796707799e-101 3.542541752799823751e-01 6.212053314507627030e-103 6.201777479801531657e-103 6.229528345652182495e-103 8.601559303201500806e-80 6.202274763943316537e-103 6.250590965632360833e-103 6.201777479801531657e-103 3.340383221477970713e-58
4.289162190571715546e-62 9.084002327889227624e-02 2.594199557060300850e-78 1.999129732188092978e-01 1.994801917225090243e-67 1.149708567314835367e-02 9.970931283957402276e-102 1.375294651153050052e-01 1.844445897070503888e-99 8.760890863660018881e-38 2.305792071603086666e-49 9.127924021069752795e-78 8.711976498861281794e-41 9.034679011465695555e-103 2.166478577305692740e-30 9.180775630038195854e-103 1.513909414912441630e-44 5.602204527138450185e-01 2.556048839253985167e-70 3.577478491850112103e-29 8.911703293391385152e-103 8.976583849129396701e-103
5.046422600711601671e-103 1.902074204558718144e-101 5.027570351707027104e-103 9.341724688005589397e-59 5.025324078818157943e-103 7.674783947594374367e-94 1.430074412114434278e-39 6.166856884210163286e-43 5.025128490661239055e-103 2.430752841407369428e-75 1.463650755083109230e-80 5.065867408136933574e-103 7.386883852437761133e-01 5.025750645232812647e-103 1.546930276899264245e-68 5.033783712987319625e-103 2.768342931123134190e-24 9.729675997862722268e-80 9.739553221494010060e-75 2.613116147562238867e-01 5.025128490661239055e-103 5.025128490661239055e-103
3.047090584077755350e-41 3.319377559466565297e-63 4.768575230289801035e-73 2.017633836043382715e-53 6.291026497159368262e-87 5.883338812419109942e-01 1.050136904933393574e-102 9.844921217703400237e-40 1.057978547134098551e-102 4.116661187580889503e-01 6.099514111869209159e-64 6.666957324705785403e-71 1.926668518706097424e-49 2.389177020305992251e-66 7.695857878979144480e-46 1.065093569739401282e-102 8.215740609547299752e-28 1.601682682522210757e-41 3.322242843172276853e-65 1.077987164537188627e-54 1.048958386454856509e-102 1.052152805323671749e-102
3.121653790747629387e-01 2.919095574595112022e-80 2.313194211759681012e-61 1.959633110663588569e-38 5.700159970444553664e-02 6.616022204573506613e-38 1.053580596734944826e-102 7.382171020773913547e-56 5.737683436918896707e-01 2.013894901452117027e-61 1.182552928475838552e-53 1.050871355896665519e-102 1.049365906988850021e-102 4.505599435659508696e-55 1.495119227665869027e-44 1.049365906979663861e-102 4.052970131953170796e-02 1.653497620937027096e-02 2.468590786107610546e-73 7.716613002486466696e-48 1.049365906979663861e-102 1.301324830935777894e-56
1.285329597193265062e-102 5.014831030689723690e-01 1.527250862651226157e-86 4.985903103539641706e-56 1.295559966130971784e-102 1.278860557839117326e-02 2.206377127040252898e-102 1.133392030913319424e-03 6.464226226153935162e-02 2.402802608435107012e-01 2.142800056513895565e-80 1.274291326689980477e-86 1.918446347735831213e-11 4.497381072075311263e-85 9.382177408552158648e-02 1.279845895836705519e-102 8.585060211196696156e-02 2.798814542689882814e-30 1.281456617846523067e-102 1.287812722572388361e-102 1.278338067057791625e-102 1.278338237795264417e-102
1.140414309751167370e-102 3.776249093257682731e-29 1.138763912962049794e-102 7.887350365638551348e-22 1.131030172683203327e-102 1.045088430603285484e-42 1.128998164299337594e-102 1.920364440531228703e-41 1.128868370552915580e-102 4.635727091132022526e-01 4.143403449279261402e-04 4.970200796710043312e-96 2.196076687940865787e-25 5.161745303460949887e-95 3.705699069636981258e-01 2.237597086046258193e-99 4.180038065360531438e-56 5.670312913381468466e-63 1.654430435781715503e-01 6.076788084406898764e-94 1.127063393565233072e-102 1.127090193282472622e-102
3.289607369838683932e-103 4.261277689064088739e-92 3.289918235414387982e-103 3.289477813799428981e-103 3.289666246116495309e-103 3.363779000435615810e-103 3.453951097322735531e-01 1.927389586417829155e-90 3.289478925139775472e-103 3.298385908804632645e-103 1.687500912402034206e-102 3.294042872042340009e-103 3.289915241132552744e-103 3.289481529708280524e-103 3.292222345180225505e-103 6.546048902677265025e-01 3.314163341804502290e-103 3.318801351885066227e-103 1.596107542847773404e-73 3.294797277011425668e-103 3.289473684210526616e-103 3.289473684210526616e-103
0.000000000000000000e+00 0.000000000000000000e+00 0.000000000000000000e+00 0.000000000000000000e+00 0.000000000000000000e+00 0.000000000000000000e+00 0.000000000000000000e+00 0.000000000000000000e+00 0.000000000000000000e+00 0.000000000000000000e+00 0.000000000000000000e+00 0.000000000000000000e+00 0.000000000000000000e+00 0.000000000000000000e+00 0.000000000000000000e+00 0.000000000000000000e+00 0.000000000000000000e+00 0.000000000000000000e+00 0.000000000000000000e+00 0.000000000000000000e+00 0.000000000000000000e+00 0.000000000000000000e+00
