1.891011759639179181e-102 2.336476299139086087e-75 7.495322020743148194e-46 1.252676874141836946e-54 1.870318116726638407e-102 6.120216308079708063e-73 7.175041771109683130e-71 6.251347883452826440e-86 8.818870918766137844e-78 1.864006331164371995e-102 6.673525731379837394e-66 7.908549226212442385e-01 1.308464836830514207e-50 6.041295208807539887e-76 6.304692496267186004e-41 3.293976835928036989e-97 2.871777257883651296e-33 1.871635756282228730e-102 2.091450773787557893e-01 8.262544048598211140e-26 1.862638664483014428e-102 1.866736137988095079e-102
3.114266668459279341e-97 1.405336120086086299e-02 2.442323157290752511e-24 1.075992076992800998e-78 5.105458298884150475e-103 4.477668133658471890e-67 3.831505765608955385e-55 5.123433720326937191e-103 6.117887563579617300e-41 5.107303462555180750e-103 3.078926962491349353e-02 7.131987164232157951e-80 5.198797702203335034e-103 3.729033737394330925e-28 5.110371962870369240e-103 4.221571769802874563e-28 5.444015384302431258e-72 4.002038284883441523e-59 5.129438084677639865e-103 5.147655203625215044e-103 5.105458298884106854e-103 9.551573691742256678e-01
5.064243164296306185e-69 1.082457901431929986e-22 2.041124024038779364e-02 6.755705093071529869e-62 7.448879204325780936e-103 1.849657436153451444e-57 7.250772088350356244e-102 5.686152718715639504e-80 7.585912420941526291e-01 7.458172491907355136e-103 7.694085875483554086e-62 7.705095362348994181e-62 1.286782836279593123e-51 3.088696202777591766e-43 5.735809855896903687e-59 2.022207621389242038e-01 1.723826759965240029e-46 1.211475385844861972e-19 7.521469980147549072e-103 1.877675552653522428e-02 7.448803664266366068e-103 2.058922308566948334e-38
4.591683206905067492e-55 1.862662013537314905e-39 2.118227494794676369e-01 8.843709675448360734e-40 1.013431104087491792e-102 1.087718318713310156e-83 2.944094414259150887e-52 7.053301797658088014e-95 6.340853505380246444e-49 6.288957393107914353e-99 7.997164826758395119e-62 2.190699326743267619e-75 2.891751274671808853e-43 1.049700626873528902e-22 3.669455194558158577e-45 2.900480051973050618e-05 3.761724295703813281e-01 7.837472880211968634e-24 3.991017080106214340e-66 4.119758161496312465e-01 1.013417370192383136e-102 8.536249446498371106e-41
1.393259946196256872e-99 5.088766087990254503e-103 8.487697935783571607e-83 8.631446357168561033e-59 2.005735871566310336e-83 3.715177555816540078e-01 4.507216526985032427e-84 5.591956033167577392e-13 5.077204715663766363e-103 2.070306209564080232e-78 1.436728575497304631e-80 5.022414402795018343e-64 1.145796231272078554e-46 5.148685885989256912e-103 1.295345134043075208e-41 2.660647193201336634e-51 5.118564022179559689e-103 5.084947546697261581e-103 6.284822444177868839e-01 4.598971878018987732e-48 5.077204715663756449e-103 5.077204715663756449e-103
3.533693227174523188e-61 2.960301106858489332e-99 1.047093201849713057e-11 2.246269758870533539e-01 1.315059892666201922e-102 2.849637217698302831e-13 3.222455789513921059e-58 2.220787910120748565e-88 1.312600577549255425e-102 5.682787208854618047e-94 5.178872987218078147e-55 7.243169137349340646e-88 1.281036658448316108e-80 1.400982798945091223e-38 6.896308127894611468e-23 1.480063804374742832e-56 1.511515668058503736e-01 1.314461172440498566e-102 6.242214572963403763e-01 1.710335048100331308e-53 1.311118601945722033e-102 1.311135191574356273e-102
7.374474366799987260e-103 7.555654370197093475e-19 9.252186422208980868e-70 3.144953484172866733e-37 7.381173367432063704e-103 2.283926481428151870e-02 8.086997680439958133e-03 1.001271048244896021e-86 1.377368159407922753e-06 7.414214107139099413e-103 1.592501158333643687e-45 3.180528176009729296e-49 6.358684541549511904e-01 4.515323251231569161e-25 4.564466965237720313e-27 7.278358877367843704e-02 3.327052636573377108e-57 9.681955206496689614e-02 1.262461322277725780e-101 1.636007651435225918e-01 7.374474365941200286e-103 7.374475598127626162e-103
7.927861223142616619e-21 4.548424325236805148e-93 1.388859920257073688e-78 6.187343521127991845e-72 1.215530641157274826e-102 1.819789586830004864e-76 1.512189657289187972e-01 1.030209224824188043e-62 1.203148212522491017e-102 8.874604915495266921e-02 5.490785250919935079e-01 9.937775872524909349e-02 1.065648203404932555e-58 5.283163661494574836e-02 2.722203875457420557e-81 9.286765978348822924e-71 7.320150847163596535e-38 1.203907553472409776e-102 1.762269440875827273e-94 5.874706468394012837e-02 1.203148212522491017e-102 1.203148212533851083e-102
8.784480421015874652e-103 6.153999402470047629e-13 3.731184132463837029e-56 9.042994237505094759e-103 8.784575945970463426e-103 8.784479337471921735e-103 4.423442193733747099e-79 8.790562272861459146e-103 1.912816150903386606e-34 1.633258030474389234e-32 8.819774433846842115e-103 1.879452217232007441e-23 1.060371432536100368e-102 4.248563693057825396e-22 8.152014224263035153e-98 7.317911271243794899e-82 3.942043225910781603e-25 1.372819783376107355e-17 8.820065953922519232e-103 8.886471052106515365e-58 8.784479282509138992e-103 9.999999999993846034e-01
1.051424365304378789e-18 5.523919745155316620e-89 7.945735213512917854e-65 6.189835534710537815e-84 8.522827044854957326e-103 6.707823639342870424e-49 2.460480613241295566e-99 6.798301747222157410e-01 8.518700817100636690e-103 8.591480930303329461e-03 2.442285534661199353e-01 1.915060796859515228e-51 6.665695072664522269e-02 6.327530155772620634e-80 6.776817403430094306e-06 6.860633373122743519e-04 8.544085808063666111e-103 1.334509939353643008e-75 1.363898027055889827e-29 3.466163779123051501e-67 8.518440608873144701e-103 8.518440608873144701e-103
8.297771698035242121e-19 6.100118646234562717e-75 1.945769345774980264e-52 5.966124880308889361e-33 8.281958848165174291e-103 1.077723735674982630e-24 9.097428392295364707e-01 6.845710042102184929e-93 8.143047543210349290e-103 2.043423469505170134e-74 1.722025972361018458e-21 6.460056062166702473e-02 9.706196138798820323e-72 9.497600842665120424e-92 1.546250930589541690e-34 8.112077623318491525e-103 4.395561420675551277e-51 8.199804911426511280e-103 2.767413459222714798e-60 2.565660014879643513e-02 8.083053621847071490e-103 6.856135672712425419e-89
1.010535299735867211e-102 1.910007888318432203e-39 3.448042590761574155e-01 3.054906225413593912e-01 9.874268936145647580e-103 1.451723373678526147e-80 4.787513439772742265e-59 3.403501955960540780e-88 1.184004965024133132e-01 9.882528303440400992e-103 8.765634111783586757e-16 2.098645454953585101e-66 8.953776447624036664e-84 1.763106533560405999e-66 1.265639606656485154e-58 4.125716907449581741e-64 9.886297782918800472e-103 9.775827743761507371e-02 7.396098312711383164e-53 1.335463444424538348e-01 9.869774344798829725e-103 9.985759944284074838e-103
1.465431909463811855e-01 1.916398182780644311e-13 4.025676295143997829e-01 3.937627896964376178e-02 1.147310638311933696e-60 6.916949801492369214e-70 2.014821857163291096e-09 7.186873802435487511e-50 1.059202946517949459e-76 7.462733047680586362e-103 1.322620154125441126e-67 2.878165750023190881e-20 5.863744482560614979e-40 4.170069514477333214e-41 2.617163570382732612e-61 1.917330586270740179e-62 5.911876388805333699e-02 3.343338721404878755e-01 2.039612367962829395e-31 1.806026252602068588e-02 7.316991696618056144e-103 1.843838628856859448e-25
8.907689936322475059e-103 5.569946376767584972e-01 2.962473927421202177e-02 1.398088479660510130e-22 8.894620221245552434e-103 1.386052991922744669e-58 4.610237785514337121e-55 3.080336129178327246e-56 7.674676695664492518e-28 6.515181191879217133e-49 3.503393264368587917e-02 8.138518062383167446e-31 1.139033839590608720e-38 2.766531591951785890e-73 4.030487594016064323e-43 4.710937506481332781e-64 6.261310555629326063e-67 1.480836911880818174e-01 1.387200329097572648e-57 2.302629992172617879e-01 8.894620221245552434e-103 7.152272755276356490e-70
1.698865155040433506e-01 4.886751625765305419e-55 6.870192612399121657e-02 3.783956895267643894e-01 7.234596566541673665e-102 2.181174455912453209e-73 6.990707317772765217e-02 2.769045727019943740e-02 8.574909986610304065e-103 1.686556987982602429e-51 1.883631783249438973e-01 1.061011364322561148e-38 5.804689008705740645e-100 6.723180284456509482e-50 4.126211238149142635e-85 1.192830858314382161e-44 5.829144787414817369e-02 3.876371219818192104e-02 2.879195593744532825e-37 2.254884814258555570e-59 8.369746203503291497e-103 8.381286826753731764e-103
1.215467069140925882e-15 4.663193294630325891e-02 5.556938726152107599e-65 1.679675388978141047e-62 1.368271797054923926e-102 1.367765308020090064e-102 8.722925678577368514e-47 1.382185430404268068e-102 1.206334767440137397e-32 7.018190181083099055e-02 1.912965380158837841e-43 5.827458434666341613e-01 1.519795151748318874e-56 9.538821979322086774e-33 2.131097396460422196e-77 1.373591432975639797e-102 2.583526220594531964e-01 7.952539364743081333e-70 5.382537292216921203e-73 2.974290445272129188e-64 1.367669248904885566e-102 4.208769971677728955e-02
2.199052589445512786e-84 1.957711081413734927e-66 7.498297357800796727e-62 6.093331172634778547e-55 1.108411939960617866e-102 6.893680551777204920e-42 1.148209132253205124e-02 3.004007337716014090e-87 1.110973661243640905e-102 7.889151185380134225e-86 2.605537928742532386e-69 1.038640834850773371e-53 4.723782739165826583e-01 3.814613227441451121e-02 7.096484293796232264e-54 1.235459385051413876e-19 1.573335310935412900e-32 4.658636466962611800e-01 1.119319556177264885e-102 1.212985579020965134e-02 1.108411939960617866e-102 2.065043470577910624e-73
1.675427088235521043e-100 9.118098048686321677e-01 3.552581242143709045e-02 1.157536969678500843e-52 7.178559326580127074e-103 7.176716869564050911e-103 3.441002599747881058e-89 2.292221212469791637e-65 3.375258462264415805e-41 4.909855744132259414e-73 5.045179369712968847e-68 2.421000330892269068e-50 6.289472464476414803e-51 2.038288926847177310e-49 1.170375080471971841e-78 3.337046370367988680e-57 4.331819022186831507e-26 5.266438270993079040e-02 7.226936793785085053e-103 1.233897947465174422e-76 7.174798466674950496e-103 2.138502998642582492e-74
5.583470054129949928e-02 1.607565690772454793e-76 8.619461900105925578e-40 7.539943909846997893e-24 6.350927192621589280e-60 1.666741270984919339e-67 2.564513427571154833e-60 1.487021232599105615e-53 7.504580518931343720e-103 5.534629389804534744e-103 9.272393520561436620e-02 2.152719175693802227e-57 6.475080058968462951e-43 3.607733700341245496e-31 6.542270424088225678e-01 1.972143218442634904e-01 9.400673550169993651e-40 3.128141675126039691e-70 2.487666170043172898e-54 3.035788721926848263e-71 5.475750764848637218e-103 5.501338660195036638e-103
1.874595195949148296e-67 1.495732700783608099e-12 3.577171088429197121e-02 8.153691667150768352e-44 8.643808795593906272e-103 8.591369663902876133e-103 1.263185189903854204e-47 1.377286535757310262e-72 9.730858722305896463e-21 8.624625245150055328e-103 1.670544418372174357e-65 6.076104207318602442e-51 9.144929799860115193e-52 8.986131569759532312e-01 2.501432245309221680e-83 5.619044874279783997e-14 6.561513213820281687e-02 3.997124127949117720e-40 3.941769552208463078e-90 3.549628688850429789e-52 8.591368405999913897e-103 1.511733711224827005e-31
1.041143055832068065e-02 3.292452665590837101e-103 3.293157541884553747e-103 3.303908198711721019e-103 6.478906934877226576e-01 2.111294790995588843e-85 1.580651717341702090e-76 3.294828920624447122e-103 3.289473684210526616e-103 3.416978759539566757e-01 3.310584114700614161e-103 3.296651000596778741e-103 4.175676589630476075e-94 3.311510542307340006e-103 3.311012119042648825e-103 3.289473720987279666e-103 1.559375679557498004e-47 3.296087052738303571e-103 3.781543022073260339e-81 3.306407057357417842e-103 3.289473684210526616e-103 3.289473684210526616e-103
0.000000000000000000e+00 0.000000000000000000e+00 0.000000000000000000e+00 0.000000000000000000e+00 0.000000000000000000e+00 0.000000000000000000e+00 0.000000000000000000e+00 0.000000000000000000e+00 0.000000000000000000e+00 0.000000000000000000e+00 0.000000000000000000e+00 0.000000000000000000e+00 0.000000000000000000e+00 0.000000000000000000e+00 0.000000000000000000e+00 0.000000000000000000e+00 0.000000000000000000e+00 0.000000000000000000e+00 0.000000000000000000e+00 0.000000000000000000e+00 0.000000000000000000e+00 0.000000000000000000e+00
