4.760383874299200180e-22 8.943873017954438370e-103 2.103537605660605479e-43 1.501645101511910723e-41 2.699165531660533391e-49 1.820947143420355727e-42 8.306011773977284337e-37 3.885024174603625466e-35 1.678127948288773463e-32 4.273147072646087082e-48 4.174751028796652699e-15 9.704330759846311464e-31 4.613811205618725543e-36 1.218300404474638284e-20 3.125689512984410139e-80 8.938783469549328214e-103 8.860832383572200505e-22 1.502461155344365821e-52 1.076622878514743944e-26 9.999999999999957812e-01 8.938783469549328214e-103 4.058747546965363071e-53
1.724112321043277534e-102 1.797317019139926151e-102 1.725070082411643114e-102 1.876874475556692078e-64 1.724112321043273965e-102 4.471545264890444649e-51 2.237052700865019680e-28 1.724457051049420814e-102 1.724112900070252044e-102 4.936275259520357870e-61 1.581905531769946039e-32 5.851357972653600248e-01 1.865502960405392290e-54 5.030502578849329220e-54 7.607726496692079821e-44 2.171618296304911379e-66 2.130717913663382200e-54 4.148642027346399197e-01 4.317282906199659475e-43 7.752796087762797457e-56 1.724112321043273965e-102 1.724112321043273965e-102
5.045677425344301557e-82 5.326386593554391522e-103 2.624688871070123691e-02 8.197573699225183591e-67 1.066395008916320129e-02 6.089116897121285841e-93 3.559865164970353409e-99 8.164182810425435824e-03 1.934931438529118182e-50 7.815637863893663365e-11 3.059804099554457980e-37 1.217235886675508855e-62 1.884896937743249643e-39 1.078600411837136140e-02 5.326386593554478763e-103 5.326386593554391522e-103 1.490088634599665995e-72 2.100845848557764767e-55 1.108538014760596580e-18 2.662823723181129270e-67 5.326386593554391522e-103 9.441389741931822677e-01
4.260116944499670698e-31 8.661028244261665528e-103 1.994770149578066518e-09 1.488672225688847737e-23 1.075675391000278175e-43 9.075871432797468982e-03 2.551300195266567761e-22 6.992671025785519588e-16 1.393298049866060649e-62 5.333117705731696967e-01 1.564048122270590263e-41 1.815095558097795268e-03 1.359949264284434367e-40 4.159819641690890309e-21 8.661028244453515095e-103 8.661028246360229159e-103 1.352051298191873684e-34 1.459752767804008316e-33 4.557972604411640871e-01 5.238677108349278022e-67 8.661028244261665528e-103 2.101044127658328010e-28
9.475616229252391140e-33 1.565280207595877806e-102 2.880417807432609601e-71 7.875512170740503176e-63 1.565280207595877806e-102 1.341656516731048542e-53 1.327616116166472024e-28 9.321363127495063305e-84 1.281608138767074596e-40 4.012860897272059778e-47 6.114857496253528099e-44 1.545790099209507739e-53 1.513754274489351402e-47 2.527123449438865353e-14 1.699385076729586448e-23 1.565280207596614998e-102 4.031228942206509919e-47 3.004425778345077466e-34 3.636342530570683607e-53 9.999999999999747979e-01 1.565280207595877806e-102 1.565280207595877806e-102
7.095465243819214229e-02 1.085507936766585953e-102 1.722817654639766098e-12 5.477514119549137250e-32 2.417463708458765828e-32 4.609492307329682292e-02 7.853401872259092327e-20 3.041753957549623367e-39 9.883816669404560384e-02 1.986868465909494883e-43 2.269520026284338072e-18 5.318175391109257631e-12 4.758658548316483428e-15 1.417965126840086409e-01 7.336794335057005853e-43 1.087886162085771241e-102 4.040403147326991351e-01 2.382754303707119714e-01 5.166356550016973637e-28 9.613939509326525961e-23 1.085507936766585953e-102 3.238176882720527332e-23
2.727052305016731681e-01 7.419261765479500890e-103 2.259083280908428244e-64 3.644154842866255183e-47 2.171733566206484277e-21 3.559918466297104525e-33 7.872581265832567951e-29 3.138932384117224645e-59 4.173874015544998262e-01 9.749887427006910961e-51 3.638853873965619394e-26 5.181124968341561162e-44 8.099419373273419182e-03 1.564548481608290665e-28 6.228014088339838219e-43 6.038569008706373829e-87 8.255474181503729206e-03 1.934041225124535992e-27 1.756164658070909321e-54 2.935524743890498556e-01 7.419261765479500890e-103 8.436282265130337817e-76
1.363189850154763705e-44 5.690435286000124878e-103 9.715421249939802939e-01 1.389396857073186899e-22 2.845787500001648387e-02 1.061295941214069948e-41 4.708019696873486071e-55 3.391780588405919633e-13 1.480022343251375973e-32 3.865134762551327862e-29 9.463316805849919061e-36 1.031446425228826789e-26 1.048534020165850177e-22 5.664012525778557962e-12 5.505192538881229060e-93 5.691349268296502691e-103 6.459704053954399806e-35 1.820802261125984905e-46 2.583581041179056461e-18 2.253499803579388848e-35 5.690435286000124878e-103 2.364920593929927095e-26
4.083642991339529665e-47 4.619169363133528411e-39 8.993570404778749665e-19 8.237637072657448545e-03 1.061051316961276786e-49 2.427828481214257679e-34 5.794483573841781113e-33 7.162125917932403441e-02 1.773626762552785862e-39 2.924002006561416840e-34 4.617370446876969850e-21 3.958077033771539854e-01 1.272498066374723846e-28 6.199103469135979622e-02 1.123281854045279003e-35 7.624561395047101186e-103 4.431431889198102492e-01 8.905888026478931555e-28 1.919917675580056285e-02 3.894010649647334147e-12 7.624561395047099203e-103 2.968877412603168594e-52
9.347818919948046317e-16 1.579965146311464069e-102 1.909285195115804357e-01 1.584420117750546329e-44 9.295282722181581747e-02 1.579965146563800919e-102 2.152040871417602369e-70 7.305612561559080569e-21 5.671717694750820169e-31 2.712011945369922905e-02 2.041877891278828455e-23 7.051977295303211273e-87 4.119532807529946994e-01 1.497026659446018387e-11 1.579965146314415616e-102 5.282781625870215733e-85 2.659668438577599468e-12 1.579965146435415760e-102 1.495964556795900906e-18 2.770452530422790605e-01 1.579965146311464069e-102 1.394648609436849033e-21
3.089994788052380925e-01 1.289555656622976076e-102 1.579595449122960175e-45 5.641039435868929532e-49 3.497654935933373366e-16 7.998480274856706448e-26 9.345913796151819608e-02 4.247012257269690561e-01 6.129911574789437108e-10 5.445697960297617326e-25 1.401484827999316636e-19 8.587759199283318341e-41 6.310358759893842926e-20 1.030575053568237104e-47 1.285771292424066157e-91 1.289555656622976076e-102 1.728401568808404787e-01 6.327458543354288500e-28 1.244277079196874143e-11 2.200395049849655713e-26 1.289555656622976076e-102 1.088001548197586650e-50
2.660331514297390454e-01 7.623232313010974793e-103 1.210807271565603867e-15 6.110639592373173623e-48 9.804524405767465495e-31 1.127368556201800515e-34 7.994844169408452106e-02 7.248557248157635799e-37 1.165004505236968821e-23 1.047303374789007470e-27 4.733889382519430034e-01 9.344404925650034999e-02 8.718541932813589357e-02 6.186324317523057561e-28 9.844990698692999832e-42 4.998306098566583535e-61 4.810353702294301667e-19 3.301374915339649573e-19 1.308227993908921501e-30 2.976221494404465057e-41 7.623232313010973801e-103 3.959605923166686891e-11
4.500582453938462563e-32 9.313276980591817905e-103 3.623438422460939014e-15 1.213708785226616294e-54 2.406032635972033480e-55 2.369292785479554180e-53 5.416173267492261617e-39 1.014359309893274614e-32 2.839928700281711765e-32 1.731739538214920743e-09 2.383386436970691413e-02 2.098436913931113829e-11 7.923458223916371967e-26 1.886717720092530202e-17 9.315448661285867074e-103 9.318780977090988019e-103 1.474911856131149077e-27 5.404572240003507548e-58 9.640353204487639438e-01 1.213081342880158696e-02 9.313276980591817905e-103 4.339262079740666516e-51
1.117522933443552422e-19 8.591672090118516584e-103 1.044069944758655743e-09 7.852495234959099585e-21 7.078700048592051796e-24 2.046458333333708777e-31 8.169078577820949871e-37 9.005331294906462336e-01 1.221088992256296780e-02 1.118628212936699239e-14 3.309383821124698317e-19 1.391726854944799165e-28 3.341597399201638036e-02 5.383971946531320579e-02 6.090259564279522338e-66 8.591878181200995787e-103 3.111081154452376160e-17 1.770439355541280602e-49 4.572663468126549424e-16 2.860853795588963290e-07 8.591672090118508653e-103 3.253893154482801151e-38
6.898674765428260330e-19 4.151602522243306256e-39 1.282914596937412065e-102 2.574350437046090537e-60 2.923627975361926138e-64 3.247093130911804515e-01 1.634260680659407732e-28 1.307927877163360821e-102 1.254417775222223047e-24 1.400863552644063914e-57 5.992903815427668771e-35 4.215540257408550429e-01 1.302602628330195016e-55 9.096889566468326536e-60 3.818905839043534826e-28 8.137778025992159731e-57 4.656010440248828359e-42 2.537366611679643946e-01 3.382876242584386348e-39 9.118319644964457345e-36 1.282878614653346919e-102 1.282878614653346919e-102
1.236826916271081427e-14 5.128227918530547346e-103 5.130141460891947127e-103 2.354772334050940280e-77 3.376571083626499121e-45 3.581824017036261330e-42 6.002561848973341219e-01 5.295004059370960731e-103 2.303556002755163209e-62 1.171944254282301139e-35 1.297970027336728436e-36 1.581791988630854927e-51 2.676087817866327766e-73 4.513609521869588550e-73 3.997438151026536102e-01 2.036271942700621853e-86 1.881808166510172620e-67 2.030031505494554873e-39 1.946652769676895645e-80 2.326564346764895169e-34 5.128227917351359094e-103 5.128227917351359094e-103
8.328084906980503530e-25 9.033326352783380427e-103 5.501003177688956527e-26 2.919485487036922586e-20 1.430909419322912833e-31 4.465472822589429759e-31 2.575725503131585377e-52 2.076020740291031371e-16 1.723043350604266670e-21 2.426423266524621516e-29 8.317150133497116144e-23 6.173896426859180480e-17 3.634824926234119791e-01 5.244512766523330427e-01 9.417870530900137770e-99 9.033707900014550918e-103 3.534485915284469877e-05 7.496945562295165288e-02 1.836036779729194307e-25 3.706143024215032000e-02 9.033245498660552452e-103 1.301791377489810839e-28
1.311863971234872583e-01 1.349690635302771957e-102 1.499093295080776564e-45 1.019462999997896664e-57 4.903865659890821330e-43 2.909167823863316479e-37 1.211730774966365981e-33 3.559434054589028339e-17 8.688136028765116592e-01 3.994946043822544978e-39 8.181925582235225362e-16 2.868835647513567013e-16 4.296697902292440415e-25 6.431927682949388748e-18 5.572065583680042715e-50 1.349690635302771957e-102 1.592619016899035520e-23 9.877144865977983443e-55 3.491783467417455343e-41 1.063288187118096301e-22 1.349690635302771957e-102 8.223682990478859107e-44
6.751078454063382680e-20 5.691598070505278854e-103 2.416176536825218465e-24 3.263988590966128987e-19 4.416398118287246250e-50 2.190145431598913448e-19 8.779217058198600440e-47 3.081448892474131650e-22 1.635152000481026628e-25 1.386151414251670037e-47 7.335770915977077311e-02 4.644400915363664546e-34 1.402631428058093155e-01 2.604090584863471766e-17 5.694537694994939448e-103 2.267252265622457269e-69 4.784854745668178089e-03 7.120398198154061433e-48 6.022372193328873885e-02 4.486805408102576369e-37 5.691598070490850258e-103 7.213705713554630083e-01
2.479331130275442650e-32 4.288982165598647451e-50 9.799877999430768526e-28 4.668176800447104702e-01 1.223607565692878489e-35 2.510720525985810636e-01 5.336425389389294277e-24 1.104347244118068366e-01 3.738663097962629075e-08 6.390369513836094930e-23 1.739610906969373770e-32 4.956368046595118894e-18 3.385821951282292943e-34 1.177427274784191985e-01 1.225252860721014295e-81 4.081658905695592509e-103 3.181642291658391821e-41 3.043717070373877317e-23 2.636601876202167641e-02 2.756675931782962691e-02 4.081311758590147499e-103 6.257645153331326486e-37
4.275784266837711479e-30 1.907923076740174473e-01 3.289478111569981322e-103 3.291054117621651334e-103 1.677631744096489685e-01 4.206246847063710868e-56 5.981359099404902318e-56 3.289473687474786265e-103 7.611228802144081974e-50 1.021243878324256554e-76 1.062882895129049636e-55 4.194291240157874042e-53 2.526211131662054429e-95 7.735401540309103790e-70 5.267885353603197594e-66 6.414445179163335009e-01 2.246795217757631843e-71 3.691808269092209889e-83 1.196496188948005857e-95 5.866597828776087678e-103 3.289473684210526616e-103 3.289473684210526616e-103
0.000000000000000000e+00 0.000000000000000000e+00 0.000000000000000000e+00 0.000000000000000000e+00 0.000000000000000000e+00 0.000000000000000000e+00 0.000000000000000000e+00 0.000000000000000000e+00 0.000000000000000000e+00 0.000000000000000000e+00 0.000000000000000000e+00 0.000000000000000000e+00 0.000000000000000000e+00 0.000000000000000000e+00 0.000000000000000000e+00 0.000000000000000000e+00 0.000000000000000000e+00 0.000000000000000000e+00 0.000000000000000000e+00 0.000000000000000000e+00 0.000000000000000000e+00 0.000000000000000000e+00
