2.080230928251087708e-54 1.587392604005911322e-81 3.947400236024715630e-102 7.789678622575817856e-46 1.435656744919217850e-100 1.708194895750073106e-02 1.300193505290551789e-102 5.819720924928363862e-70 1.309818408821397662e-01 1.337367280849410488e-71 6.943762341971613898e-83 1.288393239413951715e-102 2.139739094546200980e-78 9.477841318440106966e-02 1.642874035188105825e-76 1.291951623865337693e-102 6.583933610680286109e-46 1.441371602283111285e-62 1.291497246844903274e-102 3.749734721395182085e-37 1.286551687822755808e-102 7.571577969759584192e-01
3.441670122294207490e-37 3.622394949355704755e-84 6.184328500579161865e-27 8.720529837184161005e-74 6.680887919978940652e-65 7.137450889368272648e-03 1.187806875435618044e-102 1.534825638218026422e-01 1.696822511851031550e-70 1.541361877285763643e-76 7.800067058606123815e-01 1.898422490282632031e-47 2.973781355015875025e-02 2.963546587805791777e-02 1.217116426101718263e-102 2.011356094960043658e-56 6.288299745218561467e-45 1.127421310116024183e-72 1.586431964375731908e-92 3.868102268734355815e-66 1.187572632813324490e-102 2.366576090121995610e-87
6.215654390478344037e-32 1.599762748364810458e-02 1.245452105296562967e-19 2.328830507219663862e-63 1.031063628709579360e-50 2.968715046524465869e-33 1.603142724282623672e-102 8.031420516793852382e-02 3.544602968657563635e-01 1.238026735083551387e-48 6.071273733620098805e-57 6.888151615548014382e-62 3.348717863064648831e-45 6.959836464759057483e-23 9.132548999729705584e-102 5.030587712857150543e-76 1.257252400560082903e-58 2.745580472153231416e-58 1.611464098974888146e-102 6.092901943511387641e-02 1.603137199634274764e-102 4.882988510475431698e-01
6.186588865773301812e-90 5.230019413403980008e-53 5.596858349444713491e-41 8.114751973392642842e-72 4.008734624939726433e-21 3.638931177130796111e-40 7.183432007154930238e-103 2.426459706654681692e-01 2.949831255786226208e-02 5.190282441021314668e-58 3.596633836973151005e-51 2.999362405442503406e-27 2.631736698504718031e-01 8.026972939621777961e-25 7.196856271329931337e-103 4.646820469261976339e-01 1.295926598835913560e-66 9.136005295151533645e-78 7.467842645135277994e-51 6.495641433420524291e-68 7.131239985929555432e-103 7.131324114827941604e-103
3.070929911174130153e-68 2.855667508425711038e-101 5.919159657620885026e-36 4.226675858608781033e-36 1.669974915197859067e-01 4.564242758695502555e-01 2.911050580708249617e-98 2.208073305114860101e-44 2.845408089740732640e-34 5.239903213027117909e-97 3.826412864918194573e-02 4.567552346046581100e-35 3.346991215236013728e-01 3.614982437880705311e-03 8.313570978921222771e-103 2.121834098841003007e-47 6.864858412994096733e-30 2.629109185307840353e-76 3.600444852201496192e-65 8.600678898390920600e-51 8.313026162223729047e-103 2.023999886253467853e-95
1.836837549805974204e-02 1.525018001879527904e-25 3.413408075099850331e-06 8.810696786661230898e-33 4.434087872699739474e-28 7.581007969283328514e-31 5.209003888098990929e-103 8.080991677202851051e-63 1.660895172873209324e-31 4.230982627908707326e-50 1.807877952122132636e-59 7.787284756076304215e-02 1.202743023598776629e-29 1.101425845318761291e-66 5.204447840669673928e-103 4.464638267790425650e-17 5.267285299432923301e-103 3.767714456652551302e-83 3.613024126684513176e-100 9.037553635331020407e-01 5.204446181804720156e-103 2.696799231290833965e-84
6.040940310247074423e-103 2.464736290710565008e-73 1.541937769504424845e-100 1.886835952645024252e-50 8.610683939938241716e-36 6.073577618077747445e-103 6.009318024040204062e-103 6.255543920946575465e-02 5.992847965919847125e-103 1.126268763816952653e-72 5.926515655783850757e-80 2.577391886039473445e-02 6.754943921669870219e-27 6.760991912102554764e-29 6.028507313294632183e-103 1.225320812182390364e-03 6.087616297558388876e-103 6.218063015097734288e-63 9.104453211179570626e-01 5.988230618002440166e-103 5.987276359671135008e-103 5.987276359671135008e-103
2.069999545288754603e-41 1.816308439519737361e-01 1.329455799921024113e-20 1.203913557163896211e-41 3.510813540712748593e-59 7.316331282384759271e-01 2.368871811681633913e-75 9.147912415792534257e-80 2.972577924740241652e-57 7.319163649918068659e-61 6.812416855924840490e-37 1.480802718537904746e-51 3.633622688549441047e-69 4.981846257594346104e-63 1.315324105108396310e-102 2.917135936389380307e-54 1.618485933266075491e-57 9.225244622461297676e-90 1.335030714889850180e-102 8.673602780955030900e-02 1.305551115892689054e-102 1.410235083390176836e-102
8.915315859326378398e-54 9.517258788092921618e-103 9.536927112282821359e-103 3.179285609580762562e-01 9.532085752866525968e-103 6.224316291379137361e-02 9.564948808119619456e-103 1.323696758994792542e-69 5.976467966121282939e-50 1.735831741817221841e-84 1.943666387112111954e-02 6.247175478123314976e-101 8.340184928026287495e-45 1.535850933586584977e-01 3.376557155288916575e-77 9.487921107245749359e-103 1.987012571882660705e-26 1.237339964828106250e-54 9.606677506050753066e-103 9.567232284234808563e-103 9.438099138585814814e-103 4.468065188983527669e-01
3.843544940770673830e-77 4.102782390475321882e-93 2.906312241939609730e-40 3.541024340653893820e-01 2.333282522192291349e-77 1.163859506273865883e-78 1.489367788029502382e-93 9.962788268308996658e-80 5.961490328294835446e-46 1.238512147510361175e-58 1.279452279508056234e-01 3.382383434880604917e-58 4.077916582761414557e-59 1.878282129050129479e-02 1.981268677122654678e-38 2.703017678365179852e-26 2.050925105883827648e-01 2.940770061049208239e-01 9.446848738208479301e-47 4.390478280342150198e-94 8.552162811342123937e-103 8.561552168561589986e-103
5.439820831469603934e-01 1.932447575628476947e-55 8.752125345314323574e-33 2.105338321159296632e-59 9.648867798131240933e-82 9.679434521037840794e-60 7.347442327356221128e-103 7.328961042219648952e-62 4.560179168530396066e-01 1.115441148454080150e-58 1.765951365517396362e-62 7.406904869928184395e-103 7.346991645849386670e-69 5.058556445615794652e-55 1.704904703748212556e-87 7.489036485556680473e-78 1.064765752462304343e-45 3.498937915223312273e-37 1.090524195512620190e-71 1.741379351277665375e-18 7.331513195042567158e-103 8.302494916413970756e-94
2.337024938279184971e-61 3.084121373862748336e-08 9.783694647180522161e-14 1.154263994652919420e-102 1.232273418219677202e-01 6.796609980961317854e-01 1.144061200616086084e-102 9.951210666910469392e-45 2.453661262566020289e-14 6.978451024979737864e-53 7.645635876573229905e-02 6.203240467694519035e-62 1.206552704748320437e-01 1.143774851289810743e-102 1.143774851289809553e-102 4.800449987265625261e-53 9.197804830627085148e-80 1.150516244823024136e-102 3.819305704113895462e-81 6.877084770021213859e-20 1.143774851289809553e-102 3.319555416504145587e-44
1.936109504768193534e-46 4.361948990743024319e-59 4.352119146093987312e-01 1.412231558623560885e-63 1.256937141372754981e-32 9.098309813749939593e-45 8.322589065873938944e-103 1.550554247104290778e-73 3.891584053340719195e-27 5.176484767558562047e-62 1.556973599100383236e-18 5.647880853905171694e-01 7.423354533977567192e-14 9.832903587688994348e-15 8.286682713326833420e-103 1.296612714979005164e-26 1.445109598369482317e-29 6.589831243405356815e-79 6.057897489813029254e-67 1.054673060761886855e-33 8.285935616267874530e-103 8.402556100909749966e-103
2.201083295917946892e-75 5.588190839303840418e-01 2.878666070517629372e-54 1.031570917593965171e-64 1.268977574950830650e-51 1.017871756320377525e-82 1.564553616668763191e-102 1.267117136866703598e-87 8.030507997373797366e-26 3.894180725691680996e-10 2.231524968895954031e-01 2.179182435590185280e-39 9.323448982360350363e-61 1.956342479880382209e-40 1.725913053550414452e-102 8.007804196924598505e-57 5.792850973385884623e-47 2.180284187906025573e-01 5.926350556679614283e-78 9.873263099520378041e-38 1.457482849230646980e-102 1.460421019856352404e-102
3.092581058808994358e-78 2.328390914717464082e-19 7.825491871193662172e-103 7.914371402163801045e-103 1.444062851834070929e-83 1.359616786676306682e-84 6.363324629435053591e-93 3.194509941283053350e-74 3.111590231547336072e-33 8.976837341672389003e-01 9.026102494054559500e-02 8.425348419656472382e-103 7.806176270051787788e-103 8.915548197901738021e-65 1.666708042868929615e-100 1.781887112660271473e-41 1.205524089221559660e-02 1.217904933789729557e-52 1.102043050743332295e-64 2.743824122587610147e-97 7.806172718511404936e-103 7.806172718511404936e-103
1.525525043008409062e-36 1.580838417275841983e-24 5.851302222234652795e-02 4.357392822042613203e-37 4.195196295501983919e-01 2.081540735026407227e-02 5.955479874646682773e-103 1.661258018549397551e-49 4.350729437895487633e-02 1.147847908271917849e-02 9.180679232555172264e-02 1.023118190433679016e-37 1.809346371685556509e-01 1.291657389427525171e-01 4.549878200320165294e-44 2.533063595439993370e-12 4.425899897612396716e-02 1.011057487984780741e-35 3.504940457910931397e-43 2.755247275950015047e-56 5.938681469488236215e-103 4.354575248557274949e-74
4.947556636726004420e-84 1.906286155992481037e-69 2.251857251685559963e-43 7.980271655908808270e-01 1.055321701284063670e-56 1.194174836538979823e-01 1.232801863347704931e-102 8.972959973505702641e-46 2.360390744013265207e-58 3.980723827650978907e-43 1.250520645431690966e-102 1.052583659030976310e-50 1.876591331719165566e-18 8.255535075522106581e-02 4.240321859560818296e-68 1.362136037932797690e-42 2.093310180266120510e-19 1.383718245569285160e-52 1.461720387269741974e-39 1.647725738510273719e-91 1.225144415888355100e-102 1.232747605416982833e-102
1.572248082156002742e-102 2.933289879482959828e-01 5.822604685229001128e-15 9.897813415382516042e-31 2.895201054444530575e-01 1.716117289076161217e-99 1.547981015603907036e-102 6.755315139054629956e-45 4.557634732970803729e-38 5.339388618211116738e-32 1.827975648611896358e-67 4.005970839807003840e-22 1.371078192774994594e-26 3.130297783182289111e-29 1.565029986428559609e-102 3.091269196114807688e-02 2.798669109373380808e-62 2.396282924179783669e-01 1.466099222281186665e-01 8.313933321185980813e-85 1.540913438206261194e-102 1.546117262250323408e-102
5.912350364173002402e-61 7.137690808169555590e-02 4.093940062014080055e-59 8.368803205678296096e-14 5.106647141038409473e-09 5.019344205036685385e-46 6.015046940435082074e-103 6.518477394961517381e-68 2.111770149744137617e-23 6.050124536797696755e-18 9.665618021582671174e-56 2.649945381394402607e-16 8.610135002320035229e-53 3.340605291529852859e-51 3.405228165172374633e-21 6.049881846170527266e-01 2.913366458607638543e-01 6.002583796516152117e-103 3.229825633375673494e-02 6.213696652322093047e-103 5.989074830861078625e-103 5.989074830861078625e-103
7.847787795829658613e-23 2.404792973183520251e-64 1.635116348633000877e-29 4.954031459913832287e-103 1.683078627987508697e-58 1.190425277519570066e-67 4.892068077310230495e-103 6.940806576768218661e-02 5.425710366375693563e-14 1.693635786132033409e-85 3.746856760830499854e-04 4.926228838866804012e-103 1.442290939521058344e-81 1.213879950986497883e-02 1.506334486307410803e-67 2.493278573196465694e-86 2.225769058840422085e-82 1.385627579855617115e-59 1.827173394110882110e-89 9.942179976504607331e-02 4.891924317730701350e-103 8.186566492812694662e-01
3.500931333388755816e-81 2.548167110650230117e-36 3.362477725218892191e-103 2.668726167466424810e-40 3.306180311978982002e-103 3.289664331388617966e-103 5.494106980542333707e-01 7.157649272773887672e-100 3.289476857889328480e-103 1.274073457757773349e-78 3.371713165310061710e-103 3.293494800053261388e-103 3.391682090820846182e-103 2.919538679321894564e-02 4.213939151525476490e-01 3.339948906497496255e-103 3.318440570863633070e-103 1.782358909758422860e-58 3.311603915113353369e-103 3.289782483966246013e-103 3.289473684210526616e-103 3.289473684210526616e-103
0.000000000000000000e+00 0.000000000000000000e+00 0.000000000000000000e+00 0.000000000000000000e+00 0.000000000000000000e+00 0.000000000000000000e+00 0.000000000000000000e+00 0.000000000000000000e+00 0.000000000000000000e+00 0.000000000000000000e+00 0.000000000000000000e+00 0.000000000000000000e+00 0.000000000000000000e+00 0.000000000000000000e+00 0.000000000000000000e+00 0.000000000000000000e+00 0.000000000000000000e+00 0.000000000000000000e+00 0.000000000000000000e+00 0.000000000000000000e+00 0.000000000000000000e+00 0.000000000000000000e+00
