5.651229849426921582e-75 7.736491218677912742e-103 4.256748336470353444e-01 7.727704963579068246e-103 2.146509420997748285e-63 1.914221069398702004e-38 7.556170040745505358e-103 1.961492020222227306e-96 1.060257519299987947e-02 2.961754768260847527e-32 3.903372162220805249e-49 2.786558228359727305e-83 1.325349259223390913e-50 5.584303985901446146e-80 4.176564869293542318e-42 4.832916596068894862e-44 1.014580116101788734e-59 3.029120080629406075e-01 8.154982023120103657e-93 2.608105830970240957e-01 7.552104262044432243e-103 7.605090147768342480e-103
1.150732738310768360e-01 1.589182857068817712e-102 1.545847018699851581e-102 6.841547762433040913e-02 1.545491515197976579e-102 5.470825790704481051e-01 1.545966472032216920e-102 1.447577572922695989e-63 1.655645623786681681e-102 1.123023532786826615e-95 3.803294267293313750e-18 2.356654193372878510e-69 1.780574163910180960e-02 1.409905535757994686e-34 1.314488092407083473e-08 1.566996729183056251e-102 1.567217476405632175e-102 1.576753986050537793e-102 1.234756023222901368e-68 2.516229146873323885e-01 1.545435855453109743e-102 2.829426305379170342e-12
4.676645510914899349e-81 2.953664046933737681e-07 5.938033386439104037e-53 6.664679626745657011e-15 1.430227755402092721e-102 8.190045641539444032e-01 1.421377437290886630e-102 1.417551465627748378e-102 4.284167069200345779e-100 1.422384132715910286e-102 1.084937751450896827e-60 1.015411858611960649e-01 3.972602713986760479e-48 9.404799793023429484e-20 2.947575903271543347e-63 1.417276753756143978e-102 9.450855217920519750e-53 1.224277408295069545e-99 7.945395461844829976e-02 9.899038517846625512e-66 1.417276753756098176e-102 1.460814295850431399e-102
3.097488303613019554e-46 3.854472066416153042e-81 3.308932204240678135e-54 2.657888967868959019e-46 1.157755734759900925e-102 2.771869527744697377e-25 1.155022140375031885e-102 1.161897379182511211e-102 1.153897665880703790e-102 2.421481585656637393e-79 2.623666427822841235e-02 2.751126029654498372e-82 3.567342063400604652e-28 1.170492820581869134e-83 9.607587950578648506e-02 1.159925319581740109e-102 1.168810451350480428e-102 1.172956001548460258e-102 1.185175638131385112e-102 5.543959214123423284e-20 1.153897665880554290e-102 8.776874562159850957e-01
6.103369025040015118e-57 3.873696451220316692e-82 9.611069197698592081e-02 8.567854966143978654e-103 1.361416277655776757e-75 1.748386623298461146e-02 2.318351685652200162e-89 9.922834825291321562e-03 1.751531178916714004e-01 1.865722801569860405e-54 6.925044692069329821e-01 8.574133510710963004e-103 2.426070788240413168e-43 8.848225501769994980e-103 8.605496970367905160e-103 1.504864432940819740e-54 1.204449197916476629e-25 8.825019866133831242e-03 8.622641491765481570e-103 8.934793196188180501e-103 8.544128823092206685e-103 8.544128823092206685e-103
3.479723112002284629e-61 1.233953018574456127e-93 1.056515381701853982e-71 3.379670815908825786e-13 1.653518911213359992e-25 4.249816177153375941e-61 4.542148756806612074e-103 6.970483566106896384e-91 3.169344072390055803e-91 1.189429915008324845e-02 3.631068431652132064e-75 7.796385627707258200e-49 8.594928223996541577e-67 8.279121910433044906e-01 3.850754575364578007e-55 1.601935098062741980e-01 2.603392337341066898e-45 3.081859586221239665e-86 2.317561689126264042e-73 2.784757952331837008e-21 4.483249321632620127e-103 7.813745421161646640e-91
3.412690848114985306e-56 4.415266812436793876e-103 6.513539054927994314e-82 4.444296781007325068e-103 5.099752729655390171e-01 4.594289231543544541e-86 1.941849460949674590e-87 1.453779368599995103e-76 4.900247270344609829e-01 3.476655668228166882e-77 5.373218236795247280e-96 4.454221301239887517e-103 2.418379264362420797e-68 4.477552901018319232e-103 4.627929348174628570e-103 2.515738207131767820e-79 1.450120667010065155e-50 4.523041767422546623e-89 2.582743670252807962e-72 4.373686823486064414e-103 4.357294428809177021e-103 4.357294428809177021e-103
1.175151045238762547e-94 2.784428498677667119e-02 2.770842923577057277e-66 1.305764184732129688e-102 1.516055934360743188e-56 5.050610333125726131e-02 2.547507748992765792e-64 1.287461248540465800e-02 6.728933904387191046e-23 6.181032686935158393e-01 1.387712097667500426e-39 1.311107963010204300e-81 2.033833443981199912e-79 8.297362147514390765e-78 1.256743114142885540e-102 1.262689437547854080e-102 9.605103059546833688e-02 7.954761043546221352e-79 1.946206999075773547e-01 7.653498755049886489e-90 1.256743104868820763e-102 1.256743104868820763e-102
1.981310652312900763e-87 7.617786944115350617e-51 4.918993295379949308e-48 6.472438767463505260e-100 2.907040284597665894e-52 2.797567979492395288e-02 6.229149544418241292e-103 1.689059337590266033e-71 3.733072598270764237e-55 4.032454315774610894e-73 3.296780368104949680e-64 7.660596427403348614e-46 1.038572395588043944e-69 1.033186251357881514e-73 6.442860895577135299e-103 4.882440800144606519e-02 6.556787803917498714e-01 2.274594018732620573e-58 2.675211318118800863e-01 2.468937783769593222e-41 6.220115719466590938e-103 6.236057044118126866e-103
1.287968506813987525e-20 3.052446365980384143e-102 3.646655365995098153e-02 1.947924134286205133e-102 1.939983207212379751e-102 1.961592428597409125e-102 2.811761702258928317e-79 6.303400650114558600e-69 2.546631014111761515e-01 1.858653909505933912e-61 2.681712612173342003e-01 4.045662313493878302e-97 2.754729656059624417e-06 4.088370047575756907e-97 1.965502804159595970e-102 1.953754377949983963e-102 1.060607228240336292e-01 2.017784742722769408e-74 9.079477168295834159e-83 3.346356061578489860e-01 1.929161270158383215e-102 1.951022630729316206e-102
3.588725573368719301e-77 3.655225889023394501e-21 1.918683027493606591e-23 6.902974944077311909e-82 3.174355969322409914e-61 4.917202107561193267e-61 7.197780111215307956e-103 7.249447432580001844e-103 9.501840345231357676e-02 3.168719190661114533e-53 6.291277675147216147e-78 1.571312300192209712e-76 4.916201286129134873e-01 9.531779730141596081e-79 7.331616290124047262e-103 4.132430577312700568e-25 4.500903198166892458e-38 2.481272204249070912e-01 1.652342475098656782e-01 6.959250791880883915e-24 7.196470582854135053e-103 7.253987250674777632e-103
1.473513062125271552e-42 2.354081617231372761e-23 2.035085200024152447e-93 9.540594896896617549e-02 5.368633378892941669e-74 3.226836828368627761e-73 9.099889565359231959e-103 1.006054341825339912e-84 9.165497636898333914e-103 4.377004567983179996e-62 1.153899532137446789e-76 5.052612319799180401e-13 2.914548023593876710e-66 8.848165538840248953e-42 2.932876102918323125e-01 8.133105162132439285e-47 1.032520773287718220e-78 1.034834853942353909e-02 2.032889074316928646e-32 2.460741422490774627e-02 9.099888789001947541e-103 5.763506779743650110e-01
2.529140538965884424e-19 4.960647485912346476e-57 7.045342053827386117e-28 3.693767799519312620e-72 3.107035335990700259e-80 8.394870933965019599e-01 7.453152000245416416e-103 2.533591771728672414e-61 1.792199932971874383e-50 1.354938717027861395e-80 3.340728445855734891e-32 1.107936002991917329e-01 9.409723406569220176e-23 1.146799194864794765e-78 3.288451965066346067e-77 4.971930630430639736e-02 3.069012029281679351e-61 6.308746297998795378e-20 1.687618861844047811e-31 1.559561156623537058e-19 7.443099897499783189e-103 7.390460332326975383e-90
3.706845136335491786e-02 5.542054731681286624e-103 5.706272201454720173e-03 5.490238143237444191e-03 5.501372099988476417e-103 5.072921634503469877e-83 1.093970422422074532e-12 1.562319473176088103e-02 4.078105532791118425e-94 1.626598981122413854e-57 1.761038555985902296e-02 3.471745598446472326e-55 5.415132505727537461e-103 5.466900431186128872e-103 5.450927997122750959e-103 5.416255618501339003e-103 2.716546849258772225e-02 8.438818829217487360e-54 8.543288251315704496e-47 5.420005224726121765e-103 5.415126592088218577e-103 8.913359895066513827e-01
1.769487877038304170e-75 4.140164213426462680e-01 8.297077676156194842e-103 5.859835786573537320e-01 1.003039004218841293e-102 3.603936701547813166e-82 8.289618187856115950e-103 8.283895710005742607e-103 8.321528028893928466e-103 7.057805538996164915e-65 2.527007561208528865e-97 1.832404968092833411e-44 8.418052169707922557e-103 6.791701317450008651e-19 8.485745506437681654e-103 8.334707173430358080e-103 9.866024951042101200e-50 2.104758134706838072e-66 9.719568311052838933e-48 8.545808354667942421e-103 8.283894596296774655e-103 3.092983490212257619e-64
3.408495417845070846e-75 4.692388964522069251e-80 1.989476091803403859e-102 3.969999853100542377e-48 1.989923253910793419e-102 1.296222972069102641e-01 1.989476091803374911e-102 1.989476091803373721e-102 1.989486730688940660e-102 1.989492217286758578e-102 1.989476091803375704e-102 7.333673648684787549e-01 4.746618534552951151e-97 1.551953360337400314e-38 1.989706534401652977e-102 2.008246396969555490e-102 2.913346048366430583e-66 2.250247852699048238e-100 1.370103379246110364e-01 2.017119766433257982e-102 1.989476091803373721e-102 3.970542902629609364e-81
4.927860095016582953e-01 2.258386659752684598e-72 1.921889185066058991e-53 4.214419859211801763e-74 1.773072088793364749e-72 6.717981479062544893e-103 6.776696075365989109e-103 4.089346347523921804e-07 9.581766605645535427e-33 4.846807319420694781e-33 1.292798403320839229e-01 4.313373773991864665e-67 1.108599514136453338e-49 5.940527431390657185e-71 2.627907387282220689e-02 1.084643409231087608e-81 1.838435220009417281e-01 2.508969140186258258e-46 1.678111453578590428e-01 3.646605346703017429e-44 6.604819404461154964e-103 6.646264610273928369e-103
3.391638818801001754e-37 1.491997324466013686e-01 1.607995989651409142e-27 1.956219008044847553e-63 3.426162739466842797e-86 1.622807837470019442e-44 1.195936929797638043e-102 1.211774445101659327e-102 4.419302289412003736e-63 1.128027295957738756e-80 2.254392065945869383e-01 1.744749992232905489e-55 6.253610609588117208e-01 3.084565873936166136e-57 2.858444513133447513e-63 1.048695530328830964e-45 1.887474395678514147e-60 7.338920143028796885e-25 4.921080794930201239e-54 7.509674555554526570e-34 1.192398027670607590e-102 2.169093889291251492e-70
3.645569605982414974e-01 8.469125215451700524e-103 1.642101062564432492e-51 1.594129354432300790e-37 8.535092486015840156e-103 1.902232211882565712e-76 8.397407399410243150e-103 3.784381491217330266e-29 7.501102610831636623e-45 1.130786381680930459e-45 2.515534722683066935e-37 3.090758620610241716e-65 1.042312370809776456e-01 1.490365303520391591e-61 5.225104794374281214e-01 1.364175453193917017e-57 3.830148167558053510e-54 8.701322725366991348e-03 1.579855177733161416e-10 5.151725545476392683e-19 8.378308520551898000e-103 8.847052158407432632e-71
1.667456999967877325e-43 1.221225819154559344e-47 6.774445939797949280e-57 1.046181667168112462e-41 1.403114476366228713e-33 2.188927240411866731e-27 1.094073848773328246e-102 4.550726003311080890e-83 4.248772438117686472e-69 8.476717077184887420e-62 1.252429862747229696e-28 5.576555171900559049e-01 2.232641315566008277e-39 1.591854113975530462e-31 1.511394766855284066e-01 3.904083936193486156e-05 2.626010687703919987e-72 6.637014333416843548e-02 5.164669435647554438e-78 2.247958219508853495e-01 1.093888795417353680e-102 1.753088481681124409e-80
3.328115964806739271e-103 3.368947317163084347e-103 2.911490754833858953e-101 3.289473684210526616e-103 3.369748551757298116e-103 3.322502479145748882e-103 7.549349115493727558e-01 2.450650884506272442e-01 3.390087098250359794e-103 3.386425283802955771e-103 3.422197795962293257e-103 3.289542480278586929e-103 3.470834019083561545e-103 3.290177165540236716e-103 3.298644805188033593e-103 3.342401960714163015e-103 3.379999968575831719e-103 3.311135951651594178e-103 4.657170812544794591e-65 3.309678742552922777e-103 3.289473684210526616e-103 3.289473684210526616e-103
0.000000000000000000e+00 0.000000000000000000e+00 0.000000000000000000e+00 0.000000000000000000e+00 0.000000000000000000e+00 0.000000000000000000e+00 0.000000000000000000e+00 0.000000000000000000e+00 0.000000000000000000e+00 0.000000000000000000e+00 0.000000000000000000e+00 0.000000000000000000e+00 0.000000000000000000e+00 0.000000000000000000e+00 0.000000000000000000e+00 0.000000000000000000e+00 0.000000000000000000e+00 0.000000000000000000e+00 0.000000000000000000e+00 0.000000000000000000e+00 0.000000000000000000e+00 0.000000000000000000e+00
