5.142725629906836907e-39 1.591143694956370092e-01 1.573020929412981176e-49 1.059775330120333238e-102 9.525259179834194177e-52 1.355247276889711112e-69 3.627282787455610706e-50 2.843490221245446934e-28 1.071009874692237354e-102 2.987825488355462800e-01 1.770481095799258298e-34 6.495588044760092217e-02 1.729391412250605997e-01 2.357679134799911536e-01 1.353896324509492777e-63 6.844014651616357747e-02 1.059255875583059866e-102 1.069798917607879659e-102 5.540105735499303008e-27 1.059255522776251167e-102 1.059255522776251167e-102 5.064167511650596450e-16
3.853213330067528839e-75 9.510886997044896807e-46 1.191598093665163313e-36 1.014521115776615886e-100 1.455086223015974750e-26 5.441393622042866750e-86 6.044260404962557415e-69 8.090906235152661550e-64 8.318763211328456988e-88 8.485232716286268975e-22 8.950132559723020563e-103 1.280180025749941792e-94 3.854728828780143004e-23 9.440768845142950561e-01 5.265860565881547228e-34 2.196993308049301595e-19 8.940782920406363263e-103 7.810330039366213922e-57 3.664945575839069170e-63 8.940782920406363263e-103 8.940782920406363263e-103 5.592311548570500640e-02
2.111921781484364776e-49 4.692504736299078459e-33 4.893639697139111454e-46 8.963244146109660226e-103 1.856863609642137036e-01 2.320045529813339783e-06 5.097203801103906695e-01 1.265157109322863069e-87 3.188570924602362590e-18 6.359434634876346034e-34 8.823262261216578239e-15 3.045909388798569428e-01 7.663363558831904734e-24 1.242424317789460733e-47 1.777914777443700246e-68 1.384286895754772862e-21 8.963139273214775990e-103 9.228663815688682276e-61 2.647672587509586040e-27 8.963139273214775990e-103 8.963139273214775990e-103 8.963141809872533702e-103
4.303480085161964137e-78 1.004643083927476133e-102 5.008873331078493839e-79 1.003692909875140318e-102 2.708546743223446199e-02 4.839104408118335976e-01 8.005359960976371145e-11 1.604084481261839863e-57 3.689909275961397238e-66 4.349625839752707113e-01 1.409037166259699708e-32 4.279431005675014832e-02 2.227103021701304545e-59 1.014387136381164025e-102 1.007942665835347358e-102 2.040296050166743454e-91 1.006301476785550198e-102 2.934161379467894368e-44 1.124719764385763085e-02 1.003692909875140318e-102 1.003692909875140318e-102 1.003692909875140318e-102
1.191930809077180773e-28 4.092921070943961181e-01 5.108342151319909657e-34 1.193655273212636449e-76 2.292745472796427209e-01 6.860533962798189804e-27 1.089014205827996808e-18 6.712906222307345352e-79 1.304844253825298462e-102 3.219936654623324935e-81 7.776421821735267054e-96 1.398804546232271924e-06 1.648827691676287011e-01 1.965411396177211001e-01 1.075557912761344223e-37 8.038036065160150865e-06 1.299541305246299189e-102 1.446847666873793790e-38 1.252009559376291715e-63 1.299819731110588425e-102 1.299541305246299189e-102 1.140097702843355368e-25
2.744461741111229799e-02 5.323379887573023717e-02 2.011233065963005315e-02 4.824927927525020619e-42 1.619045250194840370e-09 3.469060060670852313e-19 8.048034365924437673e-39 3.668301864206992256e-83 3.393188361755877908e-35 1.682100927068578767e-44 1.105357749991800129e-02 1.298117443436579421e-01 1.708886776838663690e-01 4.397287513768935594e-25 4.289915467358793255e-40 1.145446708791915123e-45 7.424793468145143989e-103 2.649255969162588320e-01 3.225296549907810673e-01 6.195888361488334510e-77 7.424793468145143989e-103 3.521624990067824871e-65
2.843744912748087608e-47 1.178033690900897680e-34 4.343268873686099517e-21 9.805510944042772143e-103 3.834356695727096343e-48 3.597088329958021477e-79 1.137441843641657715e-10 1.003699101802464943e-102 3.613446348271241825e-12 9.798892153476225628e-103 4.774108135121583901e-86 9.180498407939235368e-34 7.059763537592988546e-36 4.742937855941423697e-01 2.236687557203627941e-01 9.715638726542770442e-02 9.798892153178889879e-103 1.016852990525888016e-26 4.024392298764271216e-54 9.808350087068516073e-103 9.798892153178889879e-103 2.048810713027096053e-01
5.405553499170473078e-24 2.991666577987700893e-43 3.641545327310374144e-80 7.021554424492209877e-103 4.134213426771822616e-42 5.950700101958096739e-41 5.099690291060199755e-39 3.141675655092312502e-01 3.388570745682808433e-82 7.440616041569370065e-02 6.485120526329369734e-67 6.905973009393938378e-02 8.028390612234653431e-03 3.137789284061227677e-58 7.694069275667690574e-73 2.570744895143797237e-34 7.021353907871502261e-103 7.038318202834216252e-103 5.343381533689010032e-01 7.024968497118179566e-103 7.021353907871502261e-103 7.090027108645889111e-103
9.315940439751175733e-65 1.346812241103753117e-102 3.422253773538634014e-61 1.340412892508243352e-102 1.450104633941404128e-33 9.241291363672308190e-01 6.881070831650265256e-53 9.755874641254499502e-54 1.342575870085929610e-102 1.691117956121858971e-41 5.440412078236859699e-74 7.587086363276926426e-02 1.406421553272025240e-61 1.496260599040254705e-102 1.340477464101067357e-102 9.895974899141515744e-76 1.339678968298934010e-102 3.416078251826414297e-84 1.787370817220235748e-64 1.339678968298934010e-102 1.339678968298934010e-102 1.339678968299041277e-102
4.763508442844426316e-01 2.585899886058182786e-38 6.974729429738195862e-69 1.141564724107757592e-102 1.300456272009808881e-35 2.308145707671910564e-40 9.872259611423257881e-19 2.988734422484226062e-45 2.570707774985122660e-90 2.736562794508444194e-50 9.906520517944459854e-35 5.236491557155573684e-01 7.825079890665568344e-58 1.629643438054283166e-58 3.225998236043013551e-66 3.325710251677225234e-22 1.136746627289424300e-102 5.110928114834356407e-46 2.896926419374576354e-49 1.137919559422736532e-102 1.136746627289424300e-102 1.346138928910349481e-22
3.069225225989990480e-01 4.527652175258912100e-97 3.686104356640140245e-01 2.503737619414051855e-26 2.922183354196112616e-04 1.605274583867060109e-58 8.073516564944757885e-61 8.293652537753634646e-02 1.779224296385979454e-01 6.672233121953996021e-14 2.390569619515155069e-89 5.333024999007604288e-70 1.138256090479879890e-27 1.070162603732134104e-84 9.717337539902412716e-97 1.712027175610085588e-73 2.042860265586432457e-86 6.331586838536623629e-02 1.480830814853944124e-102 1.522632615592574262e-48 1.470481306267113516e-102 1.470481584921721386e-102
5.104848249801871382e-39 8.054404165680576383e-38 4.992969225226672192e-01 7.154089807928618752e-46 5.078164135009810640e-43 2.216158391912408316e-82 7.411178839866180499e-55 1.627912110625826664e-02 8.238530925197889640e-03 1.473193469876323133e-44 5.580219609625205642e-79 1.357263794960290523e-33 1.458868023226654037e-57 7.529757321478015852e-02 4.008878522310964643e-01 1.141723491433697640e-57 8.101967203713097520e-103 2.173142611562788404e-70 4.838595922515228832e-64 2.511584683627709158e-39 8.101967203713097520e-103 2.744011220731393607e-19
1.596713533746167701e-01 8.403286466026033130e-01 1.820053594138927668e-23 1.518051985180496006e-102 9.785436092642874972e-27 4.127077461328908063e-28 1.021026628600828680e-28 2.252643603206925234e-11 3.622918441553754944e-91 9.914203715889315704e-81 1.518229617956237800e-102 2.205033810561741014e-13 1.316769214962079999e-23 1.395079266007710621e-23 8.560110354294641837e-66 3.306526258593313876e-14 1.515102718734989541e-102 3.836952131232989874e-19 4.366085839551782288e-74 1.515102718734989541e-102 1.515102718734989541e-102 3.242152565803862148e-37
5.758414106180905393e-24 9.834840418010241947e-03 5.351299587359430545e-45 3.646593539321742750e-103 1.699182118076078405e-38 3.679561932764219119e-103 6.384929083389144673e-03 3.049481325463319569e-71 3.646592641913844132e-103 3.646103892064311653e-103 3.699275352328473903e-93 8.678410917455568275e-21 3.096265031274837450e-79 4.161431629233754395e-19 3.142908196769703189e-61 9.837802304986007496e-01 3.646103892064311653e-103 1.059563504652282071e-85 2.852332794835063001e-83 3.648107125548309711e-103 3.646103892064311653e-103 1.135248994094209117e-44
1.605860756517870080e-01 2.509045991123605906e-21 9.900752253278050787e-103 9.898521292528842476e-103 1.453837174674255106e-02 3.434203839716225457e-47 1.920940853989600333e-39 9.534513943765521304e-02 9.898521292528840096e-03 5.770997850771940330e-02 9.944304706306200323e-03 2.974168217787635993e-60 2.192715089550318919e-42 6.519776086572608431e-01 2.771367974730318020e-21 7.882837992192438527e-58 5.750796729190341284e-24 9.709765052164616011e-74 1.788990508783781213e-54 9.898521292528842476e-103 9.898521292528842476e-103 1.038374087858734243e-99
1.546305137299353390e-86 4.147963245367927817e-77 8.768276227578779407e-65 3.417569951198522506e-103 3.436934079747601602e-103 3.429893113465407187e-103 1.366078271222797524e-95 3.607710894773461571e-03 3.418412800477362511e-103 3.419304188885865141e-103 1.060307033691442582e-66 3.440693928179081817e-103 3.422929258207751359e-103 1.896802192296610150e-12 2.836684885860282779e-02 2.203310937725597857e-02 3.417150883406387767e-103 3.422331904560667231e-103 3.417709961689217734e-103 3.423349586398815489e-103 3.417150883406387767e-103 9.459923308674709208e-01
8.687703023951640909e-75 1.276697637288990230e-102 6.074222706837481190e-100 3.527575864592161221e-97 4.674640162326784480e-49 1.968149445431832955e-42 1.276963062641728499e-102 1.000000000000000000e+00 2.850281869818307968e-25 9.425826018325638542e-48 2.251176021764015254e-61 1.276681635139496098e-102 1.276681635151757133e-102 1.279709556077291005e-102 1.276681635139369002e-102 1.277196858861869057e-102 1.276681635139369002e-102 1.284199983691356639e-102 1.677282262525737652e-82 1.276681635139369002e-102 1.276681635139369002e-102 1.276681635139369002e-102
4.637751941723002496e-32 8.569895733099855411e-26 3.202406844699701161e-01 2.838733471156792599e-53 4.552804247752865450e-54 1.819073320203068167e-01 2.880803909014577915e-44 3.274158330752215044e-56 2.523128546169930513e-81 3.798016779255828273e-37 1.270110953931347706e-39 1.168454397748469655e-53 1.853442745505208822e-01 2.059794156666737906e-71 2.949909852449862369e-01 4.601254060983572177e-19 1.444784821345735662e-102 3.054109670125339183e-59 1.751672371421599678e-02 1.444784821345735662e-102 1.444784821345735662e-102 8.765445117533389207e-64
9.605724397200653825e-03 2.380098499199254579e-30 6.028201611574543296e-14 6.070382355038397447e-47 2.822876371437059717e-01 4.019399709290014805e-02 3.563724223241791500e-01 8.308762424748844522e-03 1.266125766291181653e-85 3.893380593285639419e-35 9.821667423762518028e-73 3.207886774718097770e-26 5.383758377980964200e-57 6.341523692607239915e-02 4.360496279206830993e-45 1.271308966028974317e-32 8.205168161100240016e-103 2.398162196911326205e-01 1.002091321201125430e-56 8.205168161100240016e-103 8.205168161100240016e-103 3.788314634633209561e-63
2.991232334779921675e-95 7.937975981016809754e-103 1.369281004796393132e-57 3.047800425119540439e-70 2.384133478439626223e-77 7.426710661808039952e-55 7.936567234648705417e-103 1.314442368288915437e-65 4.802312844475022380e-01 3.070556548288129086e-65 5.197687155524978175e-01 1.141507712467070529e-31 2.746137014504776413e-75 7.969633149620800944e-103 7.955542983274149621e-103 7.934386437703659996e-103 7.933997462733912272e-103 2.600694747467479183e-69 3.182921521129162928e-61 6.361931871970444144e-102 7.933997462733912272e-103 7.933997462733912272e-103
3.312499199309658074e-103 3.291069778431209564e-103 6.796360906935868191e-61 3.277370649773484468e-01 3.289473684210531078e-103 3.724560691849202588e-56 3.289473684210526616e-103 3.330378176830359595e-103 5.056294966751718314e-36 3.289473684210526616e-103 5.464385400533858537e-71 3.292698852581457148e-103 3.293213309644582474e-103 3.289617802019915579e-103 1.406660264083172880e-90 3.289597264778413695e-103 2.576581031379394093e-01 5.393994480370867188e-99 3.290503063223234347e-103 4.146048318847121439e-01 3.289473684210526616e-103 3.289473684210526616e-103
0.000000000000000000e+00 0.000000000000000000e+00 0.000000000000000000e+00 0.000000000000000000e+00 0.000000000000000000e+00 0.000000000000000000e+00 0.000000000000000000e+00 0.000000000000000000e+00 0.000000000000000000e+00 0.000000000000000000e+00 0.000000000000000000e+00 0.000000000000000000e+00 0.000000000000000000e+00 0.000000000000000000e+00 0.000000000000000000e+00 0.000000000000000000e+00 0.000000000000000000e+00 0.000000000000000000e+00 0.000000000000000000e+00 0.000000000000000000e+00 0.000000000000000000e+00 0.000000000000000000e+00
