1.506276457469075047e-38 5.401850453239242837e-82 5.953366883757948633e-03 1.762990694896608146e-01 4.323003166817436906e-77 5.587552748656714062e-103 5.331073084670513779e-103 5.331073084670513779e-103 5.393806291147669809e-69 5.331395036157548242e-103 5.331073084670513779e-103 2.168907417627255994e-86 5.331098958785630129e-103 3.008750027074186254e-67 5.348977130553395879e-103 5.338484734286607464e-103 7.404227075547931050e-37 5.331221191430389513e-103 3.661987084695709591e-70 4.019755511427518940e-02 5.331073084670513779e-103 7.775500085123061567e-01
4.688365780368060395e-20 3.921569863039252708e-63 3.117291135239908528e-01 8.500576444225273874e-22 2.068336789000336537e-46 2.082585842638815798e-01 1.449013398537170594e-102 8.032806590628124854e-02 2.796494459440137027e-44 1.449013715846505766e-102 1.449013525970406044e-102 1.449460220316707968e-102 2.199091430872698104e-44 2.253929928676789976e-09 4.057761148801720809e-86 4.293471499807690139e-13 4.824127987588654662e-34 1.646630779478748530e-02 3.622399379726703450e-01 2.097798828402927182e-02 1.449013398537170594e-102 1.450375551770191133e-102
2.690349088529453872e-71 1.621868975988878259e-102 1.605030419868504260e-102 1.708459504315925751e-54 3.502946180856575868e-67 3.591159538219836226e-69 1.604450715087585219e-102 4.258693544026957696e-38 1.000000000000000000e+00 1.604582738200832640e-102 1.604450715087585814e-102 1.605516745520439640e-102 1.604450768535813102e-102 2.245100572026051921e-76 1.604450715087585219e-102 2.254096142703603374e-29 1.606101662353298288e-102 2.959407960284613113e-84 2.606612672539282540e-22 1.608057224519132266e-102 1.604450715087585219e-102 1.604463047938125472e-102
9.999995782881732076e-01 7.170061041311605285e-103 2.070695735839848477e-87 1.468359120944527335e-41 7.110732979454782224e-103 3.654913197371505056e-68 7.107595242385937974e-103 2.115276021867741349e-73 1.048792197710635549e-53 7.108678929490858894e-103 7.107983038055361743e-103 7.108278342076179614e-103 7.114632371745272490e-103 2.213345516838295506e-75 8.426382861523546122e-64 1.621340818674985779e-55 4.417061876281017283e-83 7.024123724724379608e-74 4.216894380618009919e-07 2.238879898248679748e-11 7.107595242385937974e-103 4.320269298032701732e-50
1.180745653916943117e-55 4.479395142267256673e-64 2.013823534858426435e-88 2.603894466783191956e-69 1.233274548443766095e-102 1.989489739704992486e-13 1.233274548403844468e-102 7.679360091147902236e-39 9.999998522137412138e-01 1.233446468790982439e-102 1.477860599482467666e-07 1.107801287470368487e-70 1.235667546300761236e-102 3.725380390631698199e-35 3.016703262525546175e-49 4.407376812917963680e-93 1.687031445086928169e-45 2.426422803988206404e-22 1.232272187394770782e-38 1.413555810004319975e-102 1.233274548403844468e-102 1.233274548403870046e-102
3.083457945144286028e-17 1.714571986265318334e-63 6.360458044732726635e-02 1.244322618686248515e-37 1.153208084395260101e-72 3.329043895674478914e-53 6.356163941727967290e-33 7.665653419513480948e-02 2.023382682686243977e-45 7.625768902812197008e-103 5.636174872939814588e-83 7.787798020801617277e-67 2.294388126872359203e-59 1.843907623022265785e-24 1.655346047474568329e-45 5.367087478048637728e-01 2.528288097274822033e-63 2.371529284471206430e-61 2.091590840411967911e-01 1.138710535114775130e-01 7.578766393361610848e-103 7.580183679634920400e-103
7.680108164648237560e-103 9.379022578384788403e-30 7.680107091241634302e-103 7.680120057584512260e-103 7.680107550926521095e-103 1.327730707743562785e-25 1.198222721952188389e-95 2.821565863424203806e-29 7.686419455774683803e-103 6.522120085715418977e-91 4.068053179260610166e-41 1.736071383718675267e-29 1.000000000000000000e+00 1.554996700409356599e-72 7.085318258198006969e-63 3.285418057621500374e-102 7.712025280390762508e-103 8.110205602696616323e-63 7.680136265018137191e-103 7.684799139661668260e-103 7.680107091241509387e-103 7.680107091241509387e-103
7.311478085763781326e-64 5.417592071780957057e-58 1.393145853815550123e-43 6.606976208030625288e-26 5.009037900453018333e-01 4.960130145727558944e-43 7.477961689766345167e-103 5.064933670738803077e-53 1.460847122783119651e-29 7.504577268176749707e-103 1.306178642082297704e-50 5.897968328527545869e-51 6.005427355165386018e-72 4.990959918434975662e-01 7.929134300314057327e-40 6.685582054046734802e-67 1.937158849311656792e-61 1.203885789499070108e-19 2.181112004961219120e-07 3.244645149601229158e-65 7.472938570545623148e-103 4.491333087927568791e-45
1.154005594261409695e-01 7.183211876872901747e-97 4.453884532137047527e-103 2.701333068914874014e-01 4.446653086393157917e-103 3.014841199883288996e-45 4.446840240610003129e-103 2.726106387611361530e-13 1.036560992153240576e-42 4.446656372062917703e-103 4.446656023215369847e-103 4.454986642394941406e-103 4.448237235942612698e-103 4.216555292230244306e-44 4.446653086304019154e-103 5.712961461962390715e-45 8.647897148281017109e-73 3.032543050090906207e-53 3.694345461605656922e-06 6.144624393366374671e-01 4.446653086304019154e-103 4.446661583485136737e-103
1.035751585223034657e-96 1.029102259814112209e-33 5.753955711288721743e-103 5.753960919432079040e-103 5.753956013284664699e-103 1.452469430825105157e-01 5.756765560361280429e-103 4.059337439998231961e-02 1.546069210398611198e-78 5.807040948748019444e-103 7.429837650162240958e-01 6.383709219474520413e-02 3.105985160820054949e-54 6.854665798359226956e-92 6.221076426108284963e-103 4.423778171385720751e-44 5.760043730667838460e-103 7.338825306537883827e-03 5.753957149794050047e-103 5.792323239273498781e-103 5.753955711288721743e-103 5.753955711288721743e-103
7.747493542627945886e-103 2.468094467812323583e-14 9.112630764494035571e-07 7.744776352176686539e-103 6.361845257861684439e-10 9.231370185145039984e-30 6.277320028100505715e-21 3.489250572388960525e-01 7.764666701724886846e-103 5.345866179746721380e-77 2.265454348170296167e-12 3.603446918816194389e-01 9.188583159194621565e-35 5.778412378010583796e-47 2.291650117652807349e-97 3.938065431133052388e-26 7.744471497420751728e-103 2.907293389779335158e-01 8.568139055926005614e-27 7.789799193383688555e-103 7.744388838923173805e-103 7.744388838923173805e-103
1.530042482686112530e-53 7.121180290734098343e-32 3.141002641884306439e-22 4.408589524067533799e-80 2.961579518953941001e-71 5.188297209074641536e-01 9.958672062639893077e-103 1.963349293077545910e-01 4.823259296928341967e-40 1.000138294623668943e-102 2.073679610923023790e-41 4.345978347630061148e-29 2.470185289681977062e-26 6.695078965816776262e-26 6.193072370399098569e-61 8.193490010674975464e-39 1.376271477124269282e-01 1.472082020723543272e-01 5.669449818847529229e-17 2.650614607147490405e-74 9.957866929686642754e-103 9.957866946593213683e-103
7.566102778119757982e-103 4.030439115696630767e-42 5.281948979957553868e-34 1.337595476543911164e-78 1.056979557717657447e-01 2.845337532113266787e-01 3.807198504245918070e-83 2.024471348710185636e-01 5.739236597448500438e-95 1.371226648971441399e-78 3.021946816814927619e-47 8.028639825621526616e-02 3.741794383493409022e-25 2.220865378201170499e-73 3.152492176655543044e-01 1.178554022411929143e-02 1.274427378492408870e-29 3.009612916774692728e-46 7.533689450935391248e-103 7.535714045244240442e-103 7.519817532310356676e-103 7.519817532310356676e-103
4.948572157069656974e-02 9.652338586358383302e-103 3.482875069262026400e-44 1.606309306621600033e-74 1.326504642067310093e-42 9.675965518624438670e-103 9.637314835617441977e-103 1.774107549528069205e-01 3.390472772159014603e-61 9.744652715158164835e-103 9.637316686308385280e-103 2.008220458177643691e-97 1.252240157519161161e-42 9.641197390950076169e-103 1.372497629640491990e-01 1.410332867672580351e-44 5.876277539567046349e-01 4.822600655358402766e-02 2.158585247207855153e-12 8.281432244231170140e-35 9.637314835617441977e-103 9.637314889414532173e-103
3.940198584973950483e-68 7.338168491581384956e-01 8.430775808883762182e-78 8.885843614109648070e-02 2.602997880344772725e-16 3.390944150365677451e-02 1.417717380134906330e-102 7.451161304249681062e-62 3.539145317926436554e-49 5.126345720128388608e-76 5.547123693328973813e-35 4.248471045087422104e-31 3.975023721221231528e-60 3.400485633358511254e-24 1.434152731971080341e-01 9.419507626579519255e-65 4.305172309189394019e-76 1.137997392735869996e-51 4.204760514485646237e-27 1.430298659235981713e-102 1.417717380134906330e-102 3.390056641290154359e-19
3.518137195077985086e-18 2.241053682761377785e-01 9.615793877850248279e-48 5.596197573894952692e-09 9.160253197125342220e-66 1.322172351849732269e-64 1.819074490878218683e-74 1.382472147564135084e-02 1.268008574744737614e-69 1.333965076599160867e-85 4.252446057062709884e-73 4.929515369971284667e-47 1.999252292557885261e-36 5.108293794248858211e-01 5.879754240491730233e-02 6.252761251475935681e-57 8.014469261748319306e-02 7.898899660050882822e-52 1.122663239684639491e-01 1.476885746631526676e-13 1.381507557239493616e-102 3.196623612554250459e-05
1.473858987598113848e-50 7.323856404731056950e-49 1.245466351588334034e-67 4.209404316716110680e-49 1.337498725437984076e-62 1.184156326635826268e-61 1.212157863596349880e-102 1.009926606581607941e-68 9.876260192670563987e-01 1.212208390861143283e-102 2.420080540536772550e-90 1.305924249469428550e-30 1.212471924946706630e-102 6.389568093637257566e-43 2.563734542872410812e-72 7.448363601773574609e-58 9.068100254479549127e-55 1.212215248060405315e-102 5.560532296068139003e-54 1.237398073294366727e-02 1.212157863596349880e-102 1.212231156792316166e-102
2.390060429759273382e-61 1.088463885302693278e-39 3.421139605940469459e-74 1.116630021912660807e-04 9.336889138178854459e-58 2.721112905630841931e-45 4.080699920450796510e-80 9.641479576631794981e-15 5.252205864981994007e-64 1.036040418615990601e-96 1.373114276301973481e-41 5.250538431223582547e-01 4.536583416848155581e-02 5.975058640103887995e-21 5.735551368395727224e-78 3.118040566356529364e-58 3.107426885026786517e-02 2.352528202874654140e-02 3.748691088279449968e-01 8.641173155946386142e-91 1.634550133903431002e-102 1.932275158797211928e-85
1.888387158412599687e-01 2.772157937701758688e-36 3.258532658181461095e-01 4.853079269531517248e-01 1.494706412315025676e-47 1.536398208125555684e-52 1.203823051761849906e-102 7.231040528577439286e-71 3.463378707955020127e-59 1.196021953964007306e-102 2.102713557563625119e-50 1.268598463026078331e-88 1.850160228190530854e-56 2.157412067525284942e-08 1.663398143583518706e-14 2.047300797184212436e-69 2.528023726939001533e-37 3.337681961568241553e-74 7.977634413004794174e-36 6.981330481801013969e-08 1.195336088839464737e-102 1.988677440852274294e-24
6.809933601804032985e-24 6.240024284822210353e-03 2.449252417282997765e-02 1.494861887293035294e-14 7.170093862959648426e-87 6.071440464520267961e-103 6.058800672897785339e-103 3.163327228427770294e-66 1.258814540565804042e-81 6.065928061919598637e-103 6.056927113029857960e-103 6.086703247292174660e-103 6.097297338654401938e-103 1.948890089849511269e-75 1.072998287416432646e-79 6.057959942016400833e-103 2.825568947186578607e-83 6.173221388423838522e-103 1.347919937605748193e-44 1.139324305472760347e-02 6.056926920121168562e-103 9.578742084876052942e-01
3.289498861262133909e-103 1.891547368845199774e-50 3.289473684210617824e-103 3.289473689898982209e-103 3.289473740496650726e-103 3.292748827094966494e-103 4.283109135238341025e-01 3.289473684210527608e-103 3.289473684210526616e-103 5.716890864760894031e-01 3.311189934150083191e-103 2.912022721970148532e-46 8.112308674781071363e-65 1.103322222385628698e-68 3.450708646158043798e-21 2.985097556615130090e-91 3.289473684210526616e-103 7.652536565845382757e-14 3.289473684466326369e-103 3.290064420394978189e-103 3.289473684210526616e-103 3.289473684210526616e-103
0.000000000000000000e+00 0.000000000000000000e+00 0.000000000000000000e+00 0.000000000000000000e+00 0.000000000000000000e+00 0.000000000000000000e+00 0.000000000000000000e+00 0.000000000000000000e+00 0.000000000000000000e+00 0.000000000000000000e+00 0.000000000000000000e+00 0.000000000000000000e+00 0.000000000000000000e+00 0.000000000000000000e+00 0.000000000000000000e+00 0.000000000000000000e+00 0.000000000000000000e+00 0.000000000000000000e+00 0.000000000000000000e+00 0.000000000000000000e+00 0.000000000000000000e+00 0.000000000000000000e+00
