9.993655584474830547e-37 2.835773001991665566e-44 1.718523664562647899e-102 8.173249533716425966e-41 1.759925168759320248e-102 1.718512582766860526e-102 8.280360559348806350e-10 5.498987621797290757e-80 7.396590065360383930e-92 7.266905316012977067e-01 5.221781542836098633e-02 3.760516718150902493e-02 2.124341409082140391e-38 2.315680561815050553e-64 1.661700500385391299e-01 1.718727635166938699e-102 4.714457844110833965e-95 1.718515747092397469e-102 1.731643492225713385e-02 1.718627192372440253e-102 1.718496446778669705e-102 1.718546859885203880e-102
1.026244295867778441e-49 1.039645892071399099e-17 1.142613960136444896e-17 1.855635136329237150e-60 7.626280577806130903e-103 2.497410315517083698e-36 3.800017148905075486e-35 1.515172691176764064e-01 6.531988418697588505e-01 3.969188609745112911e-58 1.628129941644133778e-28 4.121019612085993391e-53 3.624226524837851595e-36 2.237341513805563703e-02 3.497345259049980694e-41 6.137061591830522008e-47 1.558544062090752534e-34 3.374282389892184849e-47 3.279443368077768900e-02 9.891133075221633653e-02 7.596488681836122338e-103 4.120470944151519155e-02
3.612605601399388391e-103 3.932085625151653884e-85 9.412766759775746007e-26 1.125422306615246847e-73 3.612457222716499583e-103 1.719041952709298836e-36 2.548241094955446339e-76 8.338469120993293355e-61 4.005032678382860339e-02 3.621908776766092494e-103 3.632870475073735630e-103 1.437273969062868167e-91 3.614452460474967216e-103 3.612457222720285181e-103 3.898180926812291917e-100 1.279504411960957912e-15 3.619062746927158757e-93 3.612457393164565317e-103 3.001557925263706552e-57 4.277929848014127862e-56 3.612457222716331048e-103 9.599496732161700852e-01
8.401390700726035143e-74 3.211126006333001603e-01 1.411544756238705815e-10 6.723282995186160447e-46 5.211660312626818545e-66 3.387989932971854409e-34 1.517417309446352289e-33 1.271974886843845869e-88 3.709594751147323737e-42 1.793119800179648313e-45 1.851555048392765170e-25 3.334795974946368927e-38 3.582625475058374698e-01 8.010617425990111571e-27 2.683040065180574696e-01 5.232084520165031921e-02 5.126078229233169527e-42 9.195494428944282079e-103 5.477728450068183210e-40 5.214000000760868144e-70 9.193207553901620584e-103 9.195624045537712475e-103
6.149592976621600677e-46 3.260819455875180879e-43 9.352090230695411015e-103 2.894089598073649075e-46 1.965298095465524602e-38 9.344364434889562018e-103 1.065466360371326892e-58 9.369981200305540124e-103 9.339427406020440852e-103 1.706973290037327927e-33 3.351102965913297371e-01 6.117280825223422545e-62 4.127748228440439315e-01 2.521148805646263313e-01 1.294649356259948087e-48 9.377215928904557992e-103 4.658863475906008524e-67 2.851364473525101437e-20 7.958743464131723770e-48 9.347654941663802225e-103 9.338991782753316004e-103 9.338991782753316004e-103
8.522907792023343708e-103 4.220843531771026038e-11 9.464411337252525147e-01 5.085815068950163056e-43 8.512531635175084183e-103 1.094256115264094098e-22 2.089246405242337401e-78 2.082704509349651433e-43 4.172121455993395135e-24 8.537466414257757233e-103 9.378746988915230277e-89 1.488469149119997327e-37 8.660122372007927646e-103 3.765440326339123143e-100 1.670657530670730113e-62 5.614129794767138057e-20 5.848517876046440123e-66 8.512504441025913204e-103 4.631123004860565358e-36 2.392495531412448264e-42 8.512504441025913204e-103 5.355886623253904022e-02
4.607770625060157188e-59 3.012142175106218289e-01 1.756196124371115085e-15 8.274383302473640833e-24 9.510191592412684893e-78 7.808681379456525901e-63 5.250909692855256420e-52 3.107270752800178041e-34 2.612909637654444113e-21 7.589978560410095000e-60 3.235059969674674069e-25 6.308473648785262484e-45 1.814768348804649426e-30 6.978991326201507578e-27 6.207431229059052599e-67 2.087205051975755863e-31 6.284747405536776910e-01 7.267432919609453061e-103 2.471982454836646470e-02 4.559121738733232926e-02 7.261944147132377170e-103 1.044725739480830269e-62
1.045579029094742670e-80 2.457014757527749011e-27 9.496655077193148261e-21 1.944799853259818059e-67 5.698855587351116126e-53 4.531555796525514406e-45 8.579816978182149928e-39 8.356606190657026554e-102 3.766458363241821661e-79 4.443423450218006654e-55 9.802972500098015565e-23 8.734428683007700034e-01 1.882458180887265468e-33 1.238577032335193154e-03 1.253185546668948436e-01 1.246803736540712021e-36 1.854412365863925358e-36 9.025449727444393580e-103 3.149729978134434653e-80 2.994921775139581510e-50 9.022916168747593792e-103 2.221318271179897295e-65
1.865901332376464108e-63 2.147236668098638224e-01 3.649849567628476454e-01 1.032107049733491798e-102 1.049713483275305750e-102 3.980247964452659493e-01 1.434536312480801450e-74 1.030834236668099939e-102 3.959573082708707470e-65 1.030146014609123199e-102 3.441943523330758314e-51 2.226657913816245532e-02 4.136366847342419562e-68 1.031305537149823076e-102 8.438601748996330826e-10 1.118076786972735865e-36 1.030549525939652826e-102 1.030145452613245519e-102 1.411950088656159102e-64 4.492369127742810713e-26 1.030145452613245519e-102 2.254157058450889445e-73
3.269733887078212653e-54 1.015912060582508047e-57 3.220212436210263449e-75 4.783209246212117294e-01 1.457365769874641787e-37 2.717834342558055036e-76 3.845439094369519362e-01 8.715545914831737929e-17 6.176043854256793357e-58 1.527488035654020376e-37 6.166481889325135919e-24 4.024098712783921463e-66 2.243724245893593096e-37 1.199112824939608662e-01 2.132777124319810448e-35 3.935029406538283207e-19 3.542925236418524212e-54 4.361866771741453307e-30 1.134896769033809025e-02 5.874915757537179338e-03 4.958228268477459010e-103 4.958762901447965149e-103
6.354953385598295263e-57 9.342508027880644379e-54 6.376126470509992846e-36 5.967069200737997825e-59 8.205074254335211404e-37 1.205858353334559707e-35 1.183214611065477317e-01 4.727179699414459368e-01 3.272490537838155914e-27 8.188642523584557104e-03 1.146788066696842322e-23 7.288582532851543280e-63 1.329373002328130757e-02 2.275004654005990251e-02 1.359854212065699718e-21 1.779984981262529830e-76 1.060209260837661487e-42 3.839992396197438016e-67 3.647281498650806753e-01 8.530659226093502645e-55 7.578700300893154789e-103 2.304299930360713130e-65
1.113447544051037514e-83 4.952166959134875783e-85 2.116757211875004612e-24 6.807515942206539272e-02 9.557945620439369588e-103 4.106385614942349841e-12 5.014197138635274238e-18 6.838208838717442506e-02 1.484510580591450816e-20 4.652733058997739548e-49 7.663053618968118479e-03 2.073764719979366798e-23 4.557327615154833818e-31 2.976352181616262576e-68 2.840461999409041316e-01 2.698420067793675381e-01 4.871309466778291769e-02 9.565300911542108563e-103 5.206611658234976032e-07 6.648518226715999253e-82 9.539342173771241555e-103 2.532778765184651726e-01
4.757964663431604769e-32 2.833464755520791467e-01 1.266006117403985006e-28 3.307290570898064549e-33 8.113590665632082300e-35 1.353143591438323274e-34 2.655361124292338615e-01 2.054917806243077572e-01 6.897758427067104471e-16 4.207999544094666625e-50 7.483792837000843087e-16 3.428581630782064048e-48 1.822452797642070965e-01 4.468734759852291617e-07 6.337990421618963643e-02 7.549687820222593019e-24 1.690781177057371596e-28 1.175845158984848185e-86 5.405050879384937298e-10 2.452703909627558844e-30 9.629307644441869422e-103 2.631953690460009429e-42
1.766639551843076500e-02 1.697694904096818504e-42 3.467818173518086396e-80 8.862222854081043544e-02 6.781871882065661774e-53 1.266046293106940324e-76 7.326786986108141496e-60 1.486458808948879869e-26 8.421418742623062284e-89 7.750609237120480963e-49 8.754003112244358453e-01 1.271961532692059924e-22 2.211564896392172317e-25 1.831106471632301322e-02 2.942081675710809062e-37 2.224562015035729281e-102 1.062908457911837770e-40 5.588354452884233139e-90 2.365318675541098657e-30 3.297076159906421442e-59 1.714302405063666526e-102 4.787774308479208415e-73
3.303743555778214297e-40 2.918378518165478525e-02 7.328444781197562550e-20 2.010914530588055186e-21 8.596327759499742355e-103 1.313422902108068169e-01 1.393822001892641135e-36 1.447315233677589719e-12 5.342044758777106282e-19 3.872872450298186082e-93 3.530941449719614544e-01 6.697959626720162415e-42 4.354061344586684986e-32 4.941405040168791589e-28 3.626337578010278621e-28 4.863797796341297053e-01 5.715829700759652582e-24 8.580261805786880842e-103 1.106279788833167544e-22 4.424801980054174812e-24 8.578696141564154117e-103 3.017476788548691830e-47
1.622991796607280078e-90 7.344049539292840236e-20 9.999999998552967506e-01 2.098402432923022078e-46 7.680078433588069859e-103 1.265757987721323456e-29 2.237999371002388656e-35 1.131627140390200853e-39 6.885797950616208146e-33 8.310347416645699479e-82 3.898127214452739175e-40 1.019062655184549423e-22 3.778853819383162626e-78 3.241251677671136867e-64 1.585919908536756408e-39 1.447032199284775693e-10 2.600756441255501288e-41 7.680357725389229207e-103 8.891711635220345700e-30 9.632900154554513477e-27 7.680078433349461688e-103 1.774185317437726158e-48
8.686878207274483424e-69 1.702834346111457495e-02 6.220223598783316741e-79 3.988483736305570523e-74 1.091105809865130952e-102 9.746728240018489752e-34 3.158968634201816603e-35 7.824728343338180833e-68 5.218391092203716935e-42 3.332511794490891816e-92 1.091502839132906621e-102 4.011503394716250948e-02 2.381001829609267946e-25 4.505708871716136695e-22 2.996843802839394000e-01 1.735321501440906244e-01 4.485159865957821283e-67 1.091294910807173227e-102 4.466758674795510523e-85 4.696400921636928461e-01 1.091105809865130952e-102 1.091105810850466844e-102
2.902664779094741299e-01 5.650152976611177462e-89 5.078278702245026296e-103 6.514192585647061912e-92 2.380578755857119432e-99 5.078182709688165563e-103 4.053916953518888355e-70 1.730601239672065823e-72 5.078452327900261677e-103 7.097335220905258701e-01 1.260122963893137012e-42 1.620955728415407984e-48 5.198974730179040552e-49 4.971143552120938249e-44 1.536785764975486668e-37 5.078199530642172826e-103 7.302668968702814048e-71 2.905475714507623305e-76 2.934701664831886771e-29 5.078187819291524327e-103 5.078151218991361919e-103 5.078151218991361919e-103
8.674791659785409990e-95 6.543700554257657969e-41 5.648319057277823597e-51 4.927125773934903398e-73 2.231406023046559371e-41 1.734323781697030717e-41 2.867494965486952485e-01 6.250653691727104321e-66 4.219206100974522201e-30 3.137450928127866745e-01 3.073592573763367471e-74 7.802484286797120329e-39 2.703204342795897688e-59 3.109664700224229074e-92 6.971600074666059780e-36 3.995054106385180770e-01 4.142931417021094107e-37 1.690813815466611562e-102 1.299531415528575722e-34 2.144293698640433386e-23 1.690813815466611562e-102 4.600413535897786776e-72
9.662478534235873860e-103 6.817674830684504145e-54 3.241171767547206520e-33 1.496550044716595210e-64 9.618102750433118826e-103 6.091902828144666326e-01 4.810529330777129645e-57 2.908483835612886618e-47 9.046243599594470896e-39 8.657491241876806050e-94 3.174809881330731531e-37 6.553872001892985554e-54 7.118077476777764818e-89 9.659827567923964611e-103 6.918174211054931540e-40 1.209417697511091205e-20 5.638246877314685221e-72 9.589705630711679549e-103 8.988320976612790341e-31 3.908097171855333118e-01 9.589586959266770124e-103 1.256279179707286085e-29
2.038185642238248117e-48 1.099768205237133362e-102 3.289473684210526616e-103 8.475388250811624269e-73 3.522300651645636771e-01 3.289473684211079313e-103 3.294521563252975945e-103 6.047827288099487962e-70 3.309802316416460758e-103 1.569771024667292432e-89 3.298529478056008527e-103 3.289480007243258529e-103 1.877708170403845054e-73 8.533999634981294708e-22 3.637228185492228558e-85 3.289473684210539504e-103 3.301174945770998054e-103 6.477699348354363229e-01 3.078452086142851207e-49 3.289475984000400554e-103 3.289473684210526616e-103 3.289473684210526616e-103
0.000000000000000000e+00 0.000000000000000000e+00 0.000000000000000000e+00 0.000000000000000000e+00 0.000000000000000000e+00 0.000000000000000000e+00 0.000000000000000000e+00 0.000000000000000000e+00 0.000000000000000000e+00 0.000000000000000000e+00 0.000000000000000000e+00 0.000000000000000000e+00 0.000000000000000000e+00 0.000000000000000000e+00 0.000000000000000000e+00 0.000000000000000000e+00 0.000000000000000000e+00 0.000000000000000000e+00 0.000000000000000000e+00 0.000000000000000000e+00 0.000000000000000000e+00 0.000000000000000000e+00
