2.564431467449507567e-102 8.521219438850024736e-29 4.107193943838487460e-01 2.564431467288580641e-102 1.034774209141978573e-62 2.564597074523564058e-102 3.049828566357890719e-62 5.701811960466081594e-34 4.867033286906976564e-01 2.566372029082565508e-102 2.747590062770352889e-44 2.408985943713433033e-40 2.564431467288532261e-102 1.025772769254534172e-01 1.968612077584954576e-32 5.788955092069815932e-39 8.015156333155712413e-35 4.393916369528653027e-59 3.091502857384023256e-35 7.059450530074809163e-42 2.564431467288532261e-102 2.565173899587328238e-102
3.217385605557494392e-88 2.123520086835581346e-35 2.099346290808855587e-50 2.916097174234811031e-68 1.506473369884732499e-45 3.650751421784200906e-60 1.315799332120001584e-23 3.537817756900973392e-54 8.491509822941002334e-55 1.004537613432733978e-102 1.703827675104343974e-43 1.056003894674262409e-76 1.003388650506513094e-102 1.114190508923044859e-01 5.438097258337436595e-73 8.792007416996812422e-49 7.888451545962718891e-50 3.595164808630614828e-01 5.290644682446339342e-01 8.327346158578940294e-47 1.002930852976734673e-102 4.232369074570722306e-33
6.678134543720716762e-101 4.873315004273766349e-02 1.681691155331019500e-63 1.156499014958389986e-102 7.144882719129916349e-02 1.347875744707501966e-85 1.181249247488617446e-102 4.488166953392345310e-02 8.240983119264737589e-01 1.152695186182379851e-102 1.106474130396477337e-73 5.829914098427164420e-59 1.083804130556600964e-02 1.873157729413962394e-64 1.348485230085168182e-86 4.482698479311147074e-56 8.848658319071969622e-30 2.679403371129929046e-71 3.688761934859528122e-57 1.165371295022646750e-102 1.151514310785341735e-102 2.625975631621803300e-95
1.665223526879291466e-102 6.867189846278562170e-79 1.000000000000000000e+00 1.665223526552688886e-102 1.679373123001544669e-102 5.714676921730732797e-93 3.425682356098535504e-27 3.520792962694898042e-96 1.399185592914627957e-29 1.671351346871995691e-102 9.450883975105262753e-101 1.018353791744419535e-37 1.667429186304815869e-102 1.182704866996057338e-47 1.670128035813727133e-102 6.532069827158388675e-18 9.964018969600000809e-69 1.440896235814059410e-40 2.382549916899029400e-56 1.666689376787321002e-102 1.665223526552688886e-102 1.665223526552688886e-102
4.795350814474264916e-56 3.780638724557953049e-51 5.671225692460151114e-103 5.641863051175485612e-103 7.649443203167402734e-03 5.187123720627243029e-02 5.742900754485505730e-36 3.926906185064846056e-46 3.883892140375253600e-39 5.563389225915150543e-103 6.408267266091061988e-03 3.447152704665023006e-60 4.028074436443767725e-59 5.475464719442124269e-32 1.680382213477033650e-31 1.070193527476444079e-26 2.321266615212160175e-57 3.091413352694958275e-46 9.880660463616662901e-27 9.340710523244690755e-01 5.558039450282417351e-103 3.889214251273305706e-35
5.310485902176551362e-80 1.365568199746488967e-14 5.594288092168297358e-25 1.857488753299975416e-102 9.503601126651142146e-25 5.465982903991652413e-54 1.118294267692441757e-69 7.011080821095796445e-01 1.690826049506765484e-50 1.857488753300239917e-102 1.979334410787662713e-49 2.344322478725650450e-84 6.447406175741693230e-37 1.628916769233175572e-91 3.851665992471559649e-98 7.719256465749979047e-98 6.712885106027930066e-24 2.988919178904066998e-01 6.603176583727650180e-23 3.509005160421504851e-93 1.857488753299975416e-102 4.229097444154516013e-31
1.008656657772684080e-102 1.964742478298725970e-32 8.231752372974426603e-36 1.008656657755102091e-102 4.151455730728052518e-01 1.008665318567922660e-102 4.740922580367736786e-13 1.465109910018611333e-27 1.526672115196961443e-01 8.012073036091245694e-84 1.030827810582226056e-01 5.624853619276829296e-34 7.486559649610978561e-36 5.665083903374219798e-02 5.759337479325544177e-44 2.247007233274695350e-34 2.577159458942005488e-01 1.473764942085921924e-02 9.441150120011213768e-56 2.621828143601547146e-51 1.008656657755102091e-102 5.340059391972978698e-65
3.210142959891661152e-02 1.135329629791642486e-57 7.328077322047406890e-68 3.576648056751327627e-72 9.472102380657802376e-51 2.716917502259938097e-02 5.443908722919188979e-37 2.579719299373048215e-63 6.321069961441740444e-103 6.341524972439424055e-103 4.347013415545595334e-39 2.693450635408378949e-60 4.134424759870231059e-01 3.320174552974192883e-28 5.195962823953070853e-01 2.487163699737413023e-82 1.515523430338122424e-30 5.150843342505332513e-28 7.690636996153769542e-03 2.031490575571600718e-20 6.320800880211751262e-103 5.915010930856373530e-102
1.372983251413022465e-01 4.498340515784126081e-01 3.124589612220588395e-64 4.624800642940147845e-53 5.308370919396889052e-46 1.308253572719793034e-01 3.674228374327157929e-37 6.440347898256076859e-57 5.856412222181650542e-46 1.311915816171227340e-79 2.109425312791958910e-25 7.150213170905101584e-03 3.610763848404655947e-32 1.311205555650070964e-01 1.437714972723935780e-01 1.236965023555606564e-62 3.143775942997194595e-55 1.244830831900451402e-49 3.567249975389794088e-32 5.601491123590082306e-20 6.536760877161216747e-103 1.958332599777930066e-49
5.852897743728903847e-99 2.591389828662486354e-90 1.709456791301422478e-42 3.195924766260224909e-38 4.335770711578838073e-103 4.285140566705751514e-37 4.258802404899495603e-02 2.750414881421517014e-77 3.881962192842122271e-31 1.734797237057640148e-77 1.202404606735635805e-35 5.107888403192740787e-19 8.813723180599608922e-03 7.272969095109499512e-66 1.219308255341874719e-96 9.173584581362843604e-01 3.123979463412102087e-02 3.707481470508208446e-55 4.848308841412341707e-93 4.352013634663856552e-103 4.328334823665589982e-103 4.328334823665589982e-103
1.209776617127135959e-102 2.305426953251297226e-29 1.908359738071771280e-67 1.209776617127093528e-102 7.528918716181134396e-01 1.168683030708550651e-35 1.072202987697555283e-50 1.260994248845823634e-12 8.439617177193283943e-34 1.209960165387838305e-102 1.026685911808061097e-01 1.209854419733409665e-102 1.444395371534274164e-01 1.135866845501830665e-79 6.597364728350350556e-24 1.699994206752141452e-94 2.135111291753340944e-73 4.743733601646925336e-46 1.297748604089989346e-34 4.611666135512400235e-31 1.209776617127093528e-102 4.639191878587701893e-11
1.370615643210103904e-102 2.727176472013260083e-54 9.192641985040088393e-02 1.370589335439149762e-102 1.628919998291326669e-65 1.560628685897921360e-64 3.344884543463315716e-34 9.905695003119371059e-25 5.545274492114758980e-01 1.376780691274447693e-102 2.700362392874247722e-08 3.567286008547745901e-37 1.219530777051133407e-32 4.161169657336870211e-37 8.513045463126842421e-85 1.061160934995833297e-09 3.535461028733382083e-01 1.204182293893179604e-49 1.172437702431306075e-22 1.623282285144754632e-83 1.370589335439149762e-102 4.400046045682447859e-79
4.588694421265402808e-47 4.848866773400165706e-32 4.331673109779895029e-45 2.046646012054194006e-83 7.996440280557842020e-52 7.633467023449904219e-51 2.432787592426311316e-25 6.152910698418033791e-22 1.444811494773188824e-44 9.013996857490701512e-103 5.232773810340437537e-01 2.730672488214376872e-02 3.693990141448455857e-30 3.193957612261711088e-88 5.517625238225999034e-41 1.402195286100953779e-82 6.107518172257243345e-46 2.482654147926015020e-01 2.011504792912109651e-01 2.898678977378370563e-21 9.004360706806768121e-103 2.393144449021099238e-41
1.007539940964080433e-102 3.869230769279552303e-76 1.711604907643967745e-19 1.007539940963891277e-102 4.126991877465604713e-64 1.182777688419319045e-01 8.554592262696861793e-01 4.254550128765739661e-65 2.683004077962007705e-29 1.007952659657502546e-102 1.212952148535040197e-23 2.700771487721335975e-44 4.563659418701387252e-38 4.896420836098897492e-29 1.660924147934533778e-56 7.861832072331421974e-41 5.526445568030213123e-37 1.170109578509953708e-40 2.626300488838197167e-02 1.648052196645915412e-60 1.007539940963891277e-102 5.780342446584805695e-58
9.597068307666219748e-103 1.037393323602603043e-02 4.408799630801856005e-72 9.597068307666219748e-103 4.789589067842239811e-01 1.914197440038546694e-02 6.421484740757689882e-43 1.067278457075442010e-51 5.105904159796518250e-46 6.044002327215779587e-100 8.345477118876633932e-10 1.365292068682992302e-90 9.598084133947620651e-103 1.050935442297488108e-02 6.738386804030873636e-35 1.982839719405517164e-44 2.122588788010732417e-48 5.334026747750548565e-35 5.043449558088374504e-23 4.810158303218418641e-01 9.597068307666219748e-103 1.270727348969606711e-83
2.027424235595006538e-31 7.715998840847248517e-50 3.669606225300287175e-17 3.398574063382368914e-33 1.174523967670159709e-70 8.526343239613157904e-03 2.074462809681446029e-02 1.640540646581812553e-34 1.457865094285415494e-13 5.258832851999417630e-79 4.935524157188419395e-37 3.200624407799160798e-01 1.255834788310736770e-02 2.624632535993617899e-01 1.671996139669026024e-101 1.622782943582212149e-13 3.756449864008788997e-01 6.638129212825635225e-42 9.272285035755229018e-54 6.623674548046152200e-92 4.718259022625918142e-103 4.718259022659029361e-103
4.515609026870826803e-71 3.447261555743403156e-27 1.263166242123947351e-53 6.920657288485938074e-103 3.066246186221026921e-33 8.297014569474348700e-37 1.246261093083679582e-45 7.162404811695500806e-01 3.961845147824834962e-02 6.947706114166812489e-103 2.713336139101639579e-32 5.196539242992020616e-62 1.939855891881218097e-01 5.109561664151831065e-03 4.343728346575826876e-20 3.759276715732483705e-30 4.504591649992779889e-02 3.915928581885630915e-67 1.073519836304740501e-31 1.514816227519503454e-38 6.911028925746363289e-103 1.166226880689828807e-92
5.087003615018848491e-86 3.624167596338760677e-02 1.245448328439792939e-02 1.166814443630021591e-102 1.377161246883039951e-10 3.492105562218315842e-35 2.859081414976082921e-24 1.508448252403066236e-01 1.292943709069841081e-02 1.167905359628869510e-102 5.468571315837802288e-02 1.473894428119976565e-20 2.378942515877787377e-37 1.166814443630022384e-102 4.580139223592221402e-38 1.256939516010621695e-102 1.748471801375670835e-41 2.799239561734866764e-35 2.344963302781237559e-17 7.728033707844374491e-21 1.166814443630021591e-102 7.328438651251152347e-01
1.210744243180587110e-102 2.720075084415879418e-01 1.210991918423341133e-102 1.210393751066841652e-102 2.304527534110174525e-01 5.628800744587464377e-02 2.169735777138912264e-37 9.932733480002054798e-09 3.868385416887273140e-60 2.607042142886409968e-88 4.412081745423360702e-08 2.846397711530995973e-82 4.890251303503006561e-50 1.216876718597983270e-02 1.364389819597830653e-48 1.265126317462765723e-77 1.906605294258657122e-76 5.728619672284646080e-02 4.482462688581041049e-02 3.269720858533323171e-01 1.210393751066841652e-102 9.445760088618526466e-19
7.165803006003989784e-30 4.925036717888340643e-79 1.223407982608851891e-02 4.078428700385891715e-103 2.820922848034379558e-14 1.275435345356323211e-71 1.963731312961679223e-84 5.185205565939788849e-35 6.975981538312545008e-89 4.078459866065522171e-103 2.474984274797043370e-64 4.078416524084206227e-03 4.079551911672876352e-103 4.079509693181708810e-103 1.868188486717809777e-82 4.079501194303922583e-103 1.656131305621216461e-28 5.563422168635079830e-13 4.974353474105483194e-24 3.734065193122892353e-23 4.078428700385891715e-103 9.836875036492427338e-01
4.247457543162239807e-02 3.290841884461193563e-103 2.833291497677749332e-44 1.975394673302704740e-01 2.588505376259948583e-76 3.289473684210526616e-103 3.316133448832056864e-103 3.290102488184098779e-103 3.289473684210526616e-103 7.599859572381069128e-01 3.293358288566185862e-103 2.920211080165371060e-16 3.315306538990400473e-103 8.458932786038918032e-72 3.291352005796494323e-103 3.299604814228635390e-103 4.095065016853338731e-91 3.300616448216064177e-103 3.296333664149251341e-103 3.290135745239297644e-103 3.289473684210526616e-103 3.289473684210526616e-103
0.000000000000000000e+00 0.000000000000000000e+00 0.000000000000000000e+00 0.000000000000000000e+00 0.000000000000000000e+00 0.000000000000000000e+00 0.000000000000000000e+00 0.000000000000000000e+00 0.000000000000000000e+00 0.000000000000000000e+00 0.000000000000000000e+00 0.000000000000000000e+00 0.000000000000000000e+00 0.000000000000000000e+00 0.000000000000000000e+00 0.000000000000000000e+00 0.000000000000000000e+00 0.000000000000000000e+00 0.000000000000000000e+00 0.000000000000000000e+00 0.000000000000000000e+00 0.000000000000000000e+00
