2.961915332263288445e-02 1.366960879462182562e-70 1.269909077367715466e-01 4.239725565777128608e-87 8.233732038648264465e-103 8.433713379024611045e-01 1.901517596279632976e-49 5.326136221025663753e-66 1.220109420317451373e-55 6.055155976329699312e-73 1.860103813452051861e-05 6.429836981763141749e-60 4.198657086084388207e-54 8.282911571886031208e-103 1.794381930716106238e-58 1.624464335079873612e-53 1.013987665337306680e-62 4.952135477697576130e-91 8.231201618417540472e-103 1.768425282401323541e-76 8.231201597452745027e-103 8.246775865517766015e-103
2.266206286472100532e-35 1.928543647473360550e-102 9.436887365076137512e-42 5.063700270283369942e-91 1.928543647473358567e-102 1.942253454932593484e-54 3.358507067413567565e-52 3.318202348558320492e-69 1.931477061599369846e-102 1.928543647473358567e-102 1.929642304772826353e-102 1.946726588574132618e-102 1.928543647473358567e-102 1.928543647473358567e-102 1.928543647473362929e-102 1.928543647473358567e-102 9.275375710946737785e-19 7.419549421462596122e-71 1.928543647513054753e-102 3.470581187785843814e-16 1.928543647473358567e-102 9.999999999999995559e-01
5.590317793876840025e-01 8.889064995812922480e-65 1.047740071256666747e-17 2.649869780153075709e-36 1.745258888946347868e-91 4.323155431055273909e-10 7.534659664392039788e-54 4.767413805859978246e-81 3.287227862268977225e-64 1.344286856426915276e-27 6.249190554960668903e-09 7.388688801434663807e-44 8.012351846525207766e-02 6.921312533850856431e-103 3.875119836282964093e-31 1.595947553712766267e-66 6.066546517843448088e-60 6.703219830635177505e-49 6.816441044789481617e-103 3.608446954655578076e-01 6.815628395543348291e-103 6.830420864157342094e-103
2.545826560160810992e-01 1.515346019509089728e-51 4.051132521192207098e-02 1.355965495633544361e-34 3.393873589404280410e-96 1.220766335110006970e-02 3.879405914389998489e-52 1.353834244714222446e-49 4.791538596072070869e-100 2.466937026652940715e-43 1.217385431517803013e-01 5.879614755673470224e-27 5.709594551276430119e-01 1.621863011015530676e-98 1.741787800308961624e-37 1.242111201750448144e-60 3.571414723018341290e-07 3.521230038432568436e-24 9.585597329761016279e-103 9.668786587346827765e-16 9.493461520813345612e-103 2.343817600758392899e-95
1.105917095449258010e-82 6.200232596722124647e-103 5.576883832732512798e-21 1.223136680501586869e-34 4.830403347110492896e-44 6.201507702527125127e-103 6.202002933782673511e-103 5.750962851484896221e-02 6.200565147916687630e-103 3.500742810728675580e-42 5.477720877013952884e-24 9.424903714851510239e-01 1.148274215714000324e-44 1.147268360979345493e-43 7.842308272756375428e-46 6.200233019424574066e-103 2.620995687922435618e-78 2.667714482047184590e-28 2.221162681897329308e-52 5.793378379374583160e-79 6.200232596722124647e-103 6.200232596722124647e-103
3.649807991848193853e-66 2.003994961829690387e-16 5.120173025272409653e-103 5.075419749364166541e-103 5.183298869402656471e-103 1.907773503938744524e-68 1.093569567079761412e-02 5.110618353900515590e-103 9.890643043292022263e-01 5.105158197146329671e-103 5.077890651732061139e-103 5.079742620729555536e-103 5.101608332016416707e-103 5.073938467747361808e-103 5.077959752459339924e-103 2.297793410027182040e-17 2.254073012822210463e-68 5.097656977280819041e-103 5.078688396560911211e-103 1.890258330820803705e-56 5.073691186948069204e-103 5.086488652601398463e-103
1.106910871082980664e-61 1.079831914609086346e-102 1.079781213216450865e-102 1.080075385137110612e-102 1.117685199433788635e-102 9.682349058145399701e-01 1.097433076891958317e-93 2.309910521111116690e-51 1.083845811672282839e-102 9.639830497826445654e-63 1.420361159758842423e-87 6.231515850831697497e-99 4.204112150419140590e-94 1.090800847106642666e-102 1.082340972289070820e-102 6.166865982276167937e-56 4.762094401494010557e-40 2.257423018069718013e-02 1.082778689253415473e-102 9.190864004762889714e-03 1.079781213150392998e-102 1.092273190127357643e-102
4.198523557956367493e-61 5.682040864235935462e-01 1.159255222564017963e-43 4.669010640299494561e-87 7.944682269786021370e-67 1.965615792146616553e-102 3.154870492170578709e-39 1.978543551377769263e-102 1.954862267431449072e-13 4.016969163228205075e-01 1.379772095643922604e-53 2.643198448037455344e-60 7.195270582876167209e-41 1.021077087015692344e-64 1.966368092097470481e-102 3.009893902055734566e-02 1.965142390910677693e-102 5.823283300863242950e-08 1.965123495669020096e-102 6.939343871733080189e-81 1.965123495669020096e-102 1.965123495669020096e-102
5.031783740456041509e-103 5.028437700223208321e-65 4.975611370246100960e-103 4.990961133286425307e-103 4.975611370245719277e-103 6.609868428617434043e-16 4.979021937215828276e-103 4.992672700010491214e-103 5.025326207314990632e-103 4.979050232393718795e-103 4.985537478158584329e-103 4.976312623605453944e-103 4.975611370245720268e-103 4.978001668864964127e-103 4.975611370245719277e-103 7.187721371697878531e-94 3.341816391979828073e-91 4.995459342324450741e-03 4.975611370245719277e-103 4.975865460589715768e-103 4.975611370245719277e-103 9.950045406576749629e-01
1.650892821864540146e-28 2.565948138369751734e-27 2.270795235342718906e-08 2.117682454896528954e-01 1.332609190683027529e-102 1.561330871336616945e-77 5.579263326486582075e-01 1.907863453787266087e-26 3.857293673374732827e-43 7.494386329471552789e-101 5.497891997380923915e-66 4.789027838969593874e-100 1.019154920681872531e-51 1.318032714796984333e-102 3.702453173041661157e-54 1.153007947616657305e-61 5.107360068998563485e-02 2.054743187657884333e-42 1.315777606808620392e-102 1.792317984637509243e-01 1.315777606750799335e-102 1.469601196374986966e-29
2.146221656245293512e-34 3.132049637863314346e-40 3.689353089868848589e-30 4.590861634657861106e-83 1.508230815803506010e-85 5.596306189189786257e-02 1.437512727566963889e-54 3.008596530786585871e-64 2.060962983284185553e-44 3.548910287815700247e-36 1.526053918197985415e-01 8.488837460618457322e-58 1.467986056490439308e-40 1.520974003289223029e-102 6.398054963441297282e-70 2.594173398374440584e-32 7.914315462883034780e-01 4.015169053329474856e-24 1.523316250569187506e-102 1.462708233841380102e-31 1.520974003289222831e-102 1.524321221188230503e-102
5.503628490548126417e-02 6.096818046349332790e-103 4.091984705069206529e-01 2.885339841460157206e-01 7.351886759630195835e-39 1.439943305474472091e-74 2.688671096387799056e-83 9.212930912645263259e-02 6.091539024206450145e-103 6.600291114396611425e-02 4.366602030522259597e-40 2.836627347249029280e-41 2.099447438469402426e-47 1.300830725268969046e-45 2.455920347584911149e-14 4.180226787416809616e-65 8.909904017113917662e-02 9.948589324067034323e-82 6.114874890862014481e-103 9.142574486899807496e-38 6.080101582665396779e-103 6.086518243981435604e-103
2.693212402558016572e-57 4.532585570646818652e-26 3.094886991583946621e-43 2.174593731298615495e-01 2.693068189313846365e-92 1.881269073520318853e-74 2.674984251445437078e-33 2.797595007455674238e-92 3.019819606532416164e-25 2.765651148394144276e-01 1.443599836028658465e-36 2.821930969991261196e-02 1.462670252590978284e-02 2.226496667168101426e-72 1.972792030574639570e-07 1.098662103520862826e-01 1.373589268460567545e-102 3.532630921736122365e-01 1.549805019982981805e-102 1.444891433614577393e-63 1.370510996009032203e-102 1.374285744844256779e-102
1.618700818680577487e-88 1.153680641586625944e-102 1.013783590824847886e-45 2.990183469806358962e-01 6.707256342967808239e-23 1.156831184252778546e-102 1.154804016312760218e-102 3.780297102949933366e-84 1.154919838318677413e-102 2.222465428483633808e-83 1.983636725480007181e-61 9.253889441898400050e-45 5.319364250734944083e-29 3.184847722642417947e-32 4.339719826804736558e-01 1.378814303793715715e-90 2.670096703388905590e-01 1.154810743705911709e-102 1.153680641605266135e-102 9.832356845363366612e-82 1.153680641586625944e-102 1.153680641586625944e-102
4.658986241824121535e-14 1.067772125502784033e-102 6.377277252104589511e-01 3.897363586546841769e-21 2.100263799856219163e-47 1.067774075881069495e-102 6.300362153022583848e-89 5.311319311815300854e-42 1.070727201628840129e-102 2.821629031865299327e-36 2.511916512075329511e-01 1.110806233606087268e-01 2.848455264589592684e-32 4.887889787885316063e-67 5.520221575919471093e-25 8.023954086772807756e-69 7.073508406433676611e-44 4.294631532597586813e-39 4.314224069429681097e-22 2.213528063939912386e-10 1.067772101486960766e-102 1.067772117910631157e-102
3.120826458077438860e-86 2.899313061296890370e-01 6.082424398939628384e-43 1.190375079034513018e-47 1.272271062386693858e-102 1.134669853177209533e-75 3.633774962708336374e-22 3.662082574361900835e-17 7.430975416162843682e-34 1.387220618822583067e-71 6.427687620060439190e-75 1.269237350889148399e-102 3.349305864003051081e-60 1.271113843644975626e-102 2.554670997328785703e-95 1.299598950157888946e-34 7.164980484732300318e-08 5.064288852291201626e-02 1.263968360827799958e-102 8.603623014975845796e-23 1.263968360825994054e-102 6.594257336975940520e-01
1.806132898502994956e-77 4.937631399834104903e-26 7.578767389314463516e-68 1.041354916184552643e-73 7.872567566448448571e-103 1.525965121977903514e-78 2.930982743276902135e-78 1.063475086806294458e-91 8.764427680934366910e-35 1.911961247922820684e-01 2.108337050983104488e-62 3.284623171467102648e-44 2.006961100125217687e-31 3.108823083433542855e-67 3.506648580638541481e-64 5.316690323722248479e-01 1.218189714653907678e-73 2.771348428354930560e-01 7.815008375721084202e-103 1.604304188233365138e-49 7.796251141811980850e-103 7.800282797760714908e-103
5.137470986952630272e-82 1.355257889959903358e-20 1.897649784877468344e-53 1.025468400052236017e-20 1.473468513225414564e-102 8.465210300797984100e-60 1.840563010778629670e-46 3.866948284721868356e-01 8.828031298122213100e-02 9.187700588463832246e-93 4.468129071570136497e-31 2.786122675067050033e-78 1.674978294780890653e-81 1.467795002869797792e-102 8.757943316455033141e-83 2.005618166766951968e-02 5.049686768789213298e-01 2.619803548756704987e-27 1.461465129784881021e-102 8.172692766356978364e-40 1.461465129784881021e-102 1.307022119046884555e-29
7.759850860497989741e-66 3.289473684210526616e-103 2.039943517686814981e-91 2.703232773968608353e-46 5.305403681064435606e-01 3.289477532434628864e-103 3.289491564470114680e-103 3.289473685392366324e-103 3.289475257681303802e-103 3.481593647127589212e-79 6.461067533309566069e-81 1.119067456282524619e-39 4.765344082484586209e-65 2.851286192760070781e-01 1.843310126175495001e-01 3.289473704940123258e-103 3.296405485201979562e-103 6.341437405360385904e-55 5.177786231189060176e-53 2.128108001052793409e-48 3.289473684210526616e-103 3.289473684210526616e-103
1.100901532917718020e-83 1.099230734847341809e-101 2.754289103109829457e-24 1.821936701625530421e-76 1.448602455586367746e-102 4.952638983071758319e-42 6.922194645925724421e-01 2.358744474350115922e-73 2.672048889396438287e-88 3.564215113043024481e-39 2.789356072779324291e-01 6.301630495193762986e-63 8.948143033913734030e-49 4.731151409576613320e-69 4.713333744448979930e-101 2.621515893965771470e-100 9.004709076293722123e-53 9.097679613722737449e-73 1.440527378275370219e-102 2.884492812949514609e-02 1.440527378275368831e-102 1.455976238462783632e-102
3.289859745027104139e-103 3.289473684210526616e-103 3.297350815890419065e-103 3.313108416950090753e-103 3.312559638473560440e-103 3.289473684210526616e-103 3.289607686222458582e-103 3.289473720344207834e-103 3.289473684210526616e-103 3.289670356753435970e-103 3.296534498679635448e-103 3.295297777474443253e-103 1.171794097084163116e-66 1.602177355335408912e-60 1.421478358637054448e-84 3.289473684210526616e-103 3.472377472103686049e-81 3.289857048464451218e-103 1.000000000000000000e+00 3.289473684210526616e-103 3.289473684210526616e-103 3.289473684210526616e-103
0.000000000000000000e+00 0.000000000000000000e+00 0.000000000000000000e+00 0.000000000000000000e+00 0.000000000000000000e+00 0.000000000000000000e+00 0.000000000000000000e+00 0.000000000000000000e+00 0.000000000000000000e+00 0.000000000000000000e+00 0.000000000000000000e+00 0.000000000000000000e+00 0.000000000000000000e+00 0.000000000000000000e+00 0.000000000000000000e+00 0.000000000000000000e+00 0.000000000000000000e+00 0.000000000000000000e+00 0.000000000000000000e+00 0.000000000000000000e+00 0.000000000000000000e+00 0.000000000000000000e+00
