2.364442729830724856e-46 1.036017456746108220e-20 1.830859705764259911e-51 1.497197638281215687e-102 1.492520894505951565e-102 3.889998282735336563e-58 1.413826012052431301e-29 6.475807570894902554e-01 4.247919448807099124e-02 7.848497490121682589e-48 8.606258590070567480e-48 1.492520894505949582e-102 2.885013574802786640e-01 2.143869094216022814e-02 2.803036151600322072e-46 4.991206944567113111e-91 6.008070391302055647e-57 7.341868920340340792e-66 2.632977145149154684e-31 4.856198188619769278e-25 1.492520894505949582e-102 6.210922678204702893e-92
8.445984712529780242e-103 9.699930362342806610e-24 8.097343257276582541e-103 8.060338253097381465e-103 8.134199469793577659e-103 2.042625892882924961e-44 8.114453243461963874e-22 2.361483600599714332e-65 5.822173701248293621e-19 8.067300497953082715e-103 6.197296481201552271e-03 8.050210724397345786e-103 6.715350021039635651e-51 1.699726451236430458e-01 5.179533426307186147e-25 1.294177135433623812e-60 2.559394236123105803e-45 2.666185693730979510e-53 1.478427464228386761e-06 1.728213827823384396e-01 8.050210724397345786e-103 6.510071971853528261e-01
8.812312309351849140e-17 1.996974155756825464e-02 4.756811229423444920e-01 1.948743300785474103e-36 3.572791029511391409e-02 9.036884686091045787e-60 9.265030505912959937e-65 3.887134027189911856e-01 7.985556576282276600e-17 3.525951691578082822e-71 3.139599897064471873e-02 1.034339229168737107e-102 5.835915123946713233e-60 1.035469633872519893e-102 3.386206359372061815e-10 3.563335759186881530e-02 1.320689634426535075e-58 1.423932087677848053e-29 1.287846558484758742e-02 1.034341251514960609e-102 1.034339229168737107e-102 1.081628208386462463e-59
2.499207761431206208e-20 1.570408715564727720e-102 7.910220603754930524e-01 5.863250480546659547e-45 1.560472422384830563e-102 2.728367572230042790e-55 1.065394662691950544e-33 1.604422268000657847e-01 8.413408639228229829e-97 1.310174982794586303e-58 2.767644596670794188e-16 1.560472422384830563e-102 1.384280489743389560e-94 1.563624275682826585e-102 3.229212098458409536e-02 9.828146361078816166e-61 1.560472422384830563e-102 1.624359183985687322e-02 1.321340548412935882e-56 2.266669967943118680e-52 1.560472422384830563e-102 1.567856226737102010e-102
7.402753406870955734e-60 2.123032593616024714e-72 1.228828062677030775e-58 6.584639856779456352e-103 8.248952425055147399e-85 6.663506103539398120e-103 6.803190854643824392e-02 1.241537790904887663e-73 6.618027701630971868e-103 2.805645695574647293e-71 2.117510233759055481e-52 6.559979901152540017e-103 6.605346959686898113e-103 2.780472038266936720e-75 1.097237440808293038e-40 4.384857269320050781e-50 6.577994552539481143e-103 6.651630537902309352e-82 9.319680914535617422e-01 1.495471649984519568e-93 6.559979901152540017e-103 6.559979901187115509e-103
3.603994840535590252e-30 1.952486477492835554e-96 1.129097280000810061e-102 1.124764183003585543e-102 1.120153533512059215e-102 4.396485535590425904e-64 3.926690040262759357e-29 6.351109258066290856e-88 4.811550747189003258e-92 1.117123238518144258e-80 5.156808857152617165e-01 1.120153533512059215e-102 3.246531690226068800e-01 3.209181013460262630e-52 1.596659452621314312e-01 1.898297158608113902e-70 6.277471074839520110e-95 1.156545664331654586e-102 2.498128468779686331e-44 2.211151799418630287e-50 1.120153533512059215e-102 1.493368012197076300e-34
2.238340561973286151e-15 1.577719502153999143e-01 7.151774935929154721e-38 1.067132639095061571e-02 1.124720242357817749e-91 7.107417096641623910e-01 1.208150137294847215e-01 1.816329789694452421e-47 3.263694391012491902e-33 2.871698126117991486e-49 3.471596548611553408e-23 1.060965218225707795e-102 6.607408178804582431e-18 1.691609778002694155e-37 6.060713731942176363e-54 1.062187345086012344e-102 1.410461135292044130e-50 7.526506569080511158e-62 2.377576082428103374e-31 9.284954275526933641e-23 1.060965218225707795e-102 1.631510228892239928e-42
3.636227466843415362e-64 2.563402217076047466e-43 2.668300030861050571e-45 1.188841777788150797e-19 1.969262515052704510e-23 1.270117140269880059e-100 3.313674262383834737e-52 6.525306460084899507e-02 4.328556755905191851e-54 3.570130447551361461e-33 5.854325652369756818e-44 8.876136773530164191e-103 5.539275626611062098e-02 2.139044348755068371e-49 1.691522408904408328e-53 3.937946166347190693e-45 7.864899775469516027e-71 8.793541791330403701e-01 5.833497992166046152e-30 3.531795367155704321e-47 8.875619287151766792e-103 1.817186006563094798e-101
4.307215762859749963e-61 7.742741927568644995e-23 4.425673948852938392e-54 1.211557547851881577e-92 1.768954774282105275e-102 1.030388188034061555e-59 1.352582830238738311e-40 9.068509584709319449e-02 1.062074935940759402e-30 1.080342381947553777e-95 1.044623382403956516e-54 1.768954774279250685e-102 2.704912031159592913e-74 3.820959421409668187e-38 4.852436362160935911e-74 1.181866322782988415e-98 4.025384299858415504e-01 2.172171329422531003e-48 6.978406320466902757e-33 4.374981158440743867e-01 1.768954774279250685e-102 6.927835832299079899e-02
2.361268921752771033e-01 1.722931534883204967e-28 8.038886043965418390e-28 7.318291419665855106e-94 6.156146732913139721e-15 1.691686684369377225e-46 6.432362957220832977e-40 1.162909302558089997e-01 2.027424051264385407e-01 6.441607186961708662e-23 1.137656124359377500e-13 1.300954223981451784e-102 1.463439013007253641e-50 2.183435906919213222e-16 1.416776441903484808e-73 5.321124371025807814e-90 1.880319726636746308e-75 3.237855123014927311e-02 5.114290079476081687e-33 4.124612212122057420e-01 1.300954223981451784e-102 1.308446660708205626e-102
2.346125010491341423e-02 7.962954781430751083e-01 2.951151108421370469e-96 1.634770953014376544e-79 4.902495352166654765e-54 6.060202027657555356e-62 5.444583898197259686e-02 1.193335713193161341e-57 2.455336817013936551e-24 8.439822967741891203e-60 1.094582413566279074e-57 7.413281502335695709e-103 3.169047921045372446e-02 2.163896294801527162e-02 9.966236736593014286e-46 3.819650532818173733e-46 7.246799061156987409e-02 2.668402361579507803e-30 1.877134404122574157e-63 2.862210554549668762e-17 7.413281502335695709e-103 1.258526262559807278e-72
9.113908862720297948e-91 8.413279004059920752e-103 3.143338774807679424e-67 8.432828539030400576e-103 2.217306303043738275e-44 8.413059185332863689e-103 9.885929740999239699e-52 1.659438340117196788e-55 8.431076170055792943e-103 1.394725534179214797e-71 2.917636986903569043e-90 8.413059185332863689e-103 2.644675902516782054e-79 8.443460536972861692e-103 7.971575799079390050e-53 1.000000000000000000e+00 8.413059185332863689e-103 6.963575152775753775e-61 4.603399983505947212e-21 8.451098056283508883e-103 8.413059185332863689e-103 8.413059185332863689e-103
8.411129469626121732e-69 1.060271551988365880e-22 7.363974158046549871e-99 1.109180272628972222e-102 1.108545358363371797e-102 9.918361300682031613e-67 7.829799729631002238e-42 3.112531941667744915e-28 1.068732667008194787e-26 3.897743563247219386e-48 6.538112592775633290e-74 1.108545356889169419e-102 1.407203987217114205e-27 6.180433594000578346e-01 3.819566405999422209e-01 2.465194030010347505e-44 1.620718035627708806e-25 1.155227047486101670e-47 2.109378556264390137e-29 4.233211261678804490e-52 1.108545356889169419e-102 3.034394972492897780e-73
6.125496665756243971e-54 2.164625286782744100e-38 2.544318660419654674e-82 4.725127760093132075e-103 4.727754639155038454e-103 3.735712562952585231e-06 6.208366830933975928e-12 4.724644734223276447e-103 1.799948394816872632e-01 6.812102545032687760e-46 6.361913648049398430e-25 4.724260309186698809e-103 9.852818848846700603e-28 2.837974435285671736e-22 1.010621006642033306e-56 4.741641036994519624e-103 8.200014247995414118e-01 3.530883480067815715e-87 1.934705335070973010e-88 5.128955911218090606e-38 4.724260309186698809e-103 5.182128438564388134e-18
1.718734065138777384e-39 5.071015056035171619e-52 3.121948643893701918e-102 7.983422238782897846e-103 2.510436808689048807e-74 8.920256696583751810e-02 1.789533435325018732e-37 5.684564799542687965e-63 1.431768988214344173e-06 2.499381095094450542e-02 6.281048997158061864e-01 1.341518058227063303e-64 8.586040271118749288e-11 1.324740684021068888e-31 2.213835198562530409e-77 3.121891606392024623e-102 1.512883721374329280e-20 9.285446899543282422e-44 2.068090981726570368e-67 1.530425693475233884e-01 7.981770861176513682e-103 1.046547211650396686e-01
1.160313871091873745e-46 1.497817824987000944e-66 3.181051676069831579e-54 1.186176410971904816e-66 9.613590886231900191e-63 1.091135820485126976e-68 8.214692344397520415e-103 6.175022714289697866e-30 8.045221378663311638e-35 4.076623699023792513e-01 4.337328407770226370e-38 8.256179222106894764e-103 9.058616053654214437e-37 3.015527287473845454e-69 1.468432195646348498e-02 2.252348908283837143e-42 8.176265832898566212e-103 1.406892097072437453e-01 4.369640984339135392e-01 1.708526316188924305e-54 8.176089214232330810e-103 8.176089214232330810e-103
4.884142307157549158e-103 5.578190866756557977e-33 4.876702162040148608e-103 4.556091124829796372e-96 4.852062931727107710e-103 1.288477060546905207e-17 1.674299793913473871e-41 6.288276290795737519e-28 6.577488434790020348e-30 4.852676078093145208e-103 3.477115685213003588e-20 4.851928922565017831e-103 6.687760534490359130e-60 7.767363035863785193e-27 8.008744953580119003e-82 4.852056508922265985e-103 1.381802756826454203e-19 1.153955011908882471e-91 2.978742888641415946e-41 5.388827889193922497e-26 4.851928922565017831e-103 1.000000000000000000e+00
8.426305689278670712e-14 1.944200282662500418e-56 1.577056093320543747e-80 8.352564136636736823e-103 1.807129652051862531e-02 5.129367935611902999e-67 1.204097325790944245e-03 5.545835349932588103e-80 9.239342629293515085e-54 1.932667591082628708e-38 5.307281078551485259e-02 8.346380404766233894e-103 8.378142887122254765e-103 4.541437767945880055e-01 4.735080185735032754e-01 2.040748601528418618e-36 9.409272466016562779e-71 3.222295074059887058e-57 3.574078907752636664e-48 1.548287063052542065e-19 8.346380404766233894e-103 8.411994389033344259e-103
2.321921139015675761e-01 3.341084916948393664e-36 8.465396279804195669e-53 2.571117308453249086e-99 1.258413878299991795e-01 5.644896458329742850e-02 3.046918750934115572e-01 1.217584724694496503e-38 2.691232761244214880e-63 1.213417539131446399e-01 4.505036892190337923e-21 5.082381290171270640e-103 1.594839046785795356e-01 5.091874760768871379e-103 4.603643066431662621e-35 1.823547702468001939e-67 5.094946161987312358e-103 2.719424114632403420e-51 9.203960680527396569e-48 7.459206604617076869e-38 5.082381290171270640e-103 5.090316841560119622e-103
1.714337297218853871e-50 4.491055025330104885e-05 9.176514699889452556e-53 1.030442805321550523e-102 1.030527172260862045e-102 1.033528154977516278e-102 5.208703971956744200e-02 1.471787867910961054e-63 4.134448684645525285e-41 5.026544888520205305e-62 3.471071965950806365e-48 1.030094502187811798e-102 3.876953887836306360e-49 7.832758820858924942e-01 1.645921676442867465e-01 1.032970178955784010e-102 5.155333508584871827e-56 7.422204989774447136e-58 8.734750302035724666e-45 3.691434402206376500e-60 1.030094502187811798e-102 1.360717093741599404e-85
3.302399880697838292e-103 3.295047714413353226e-103 3.945512198006598915e-50 2.074912646713035769e-01 4.015125932897434247e-01 2.485668244831118561e-71 1.638487359968053989e-71 3.296507746071891080e-103 3.289473684210526616e-103 3.327615344053425291e-103 3.337531220226590460e-103 3.909961420389529430e-01 2.476263497309774259e-67 3.290170460100405545e-103 3.289473684210526616e-103 1.193444674437783139e-85 3.289473684210526616e-103 3.289506894626262778e-103 5.155724379957725333e-88 3.290743416399868414e-103 3.289473684210526616e-103 3.289473684210526616e-103
0.000000000000000000e+00 0.000000000000000000e+00 0.000000000000000000e+00 0.000000000000000000e+00 0.000000000000000000e+00 0.000000000000000000e+00 0.000000000000000000e+00 0.000000000000000000e+00 0.000000000000000000e+00 0.000000000000000000e+00 0.000000000000000000e+00 0.000000000000000000e+00 0.000000000000000000e+00 0.000000000000000000e+00 0.000000000000000000e+00 0.000000000000000000e+00 0.000000000000000000e+00 0.000000000000000000e+00 0.000000000000000000e+00 0.000000000000000000e+00 0.000000000000000000e+00 0.000000000000000000e+00
