1.220248665940782026e-60 6.990535309408443746e-103 5.035646732235072864e-01 1.957124687451043765e-39 7.764163191359481004e-34 2.046006254621419485e-54 3.589256181837812357e-52 2.777579238773395571e-84 1.251275262564660040e-01 4.289327186524834423e-74 3.939826124049061347e-38 2.019044249794054238e-02 5.469969181902139925e-03 6.990535309912539469e-103 3.456473888401840888e-01 4.374006752282004218e-38 1.168631350240186876e-47 2.455997640104744461e-79 1.726301458013653827e-47 1.673048519707628444e-44 6.990535309281606137e-103 7.052531901360258428e-103
1.305528629234867277e-09 7.035541070888660516e-103 1.261538576142704604e-82 7.038465065969182076e-103 2.736251328559934575e-75 1.833771109735520772e-71 1.578796798456391094e-79 7.867930126339304220e-01 7.107870942366797672e-103 1.342935702200866533e-63 1.977042426767805036e-62 7.040779633895395189e-103 7.335436859803422771e-69 1.589767491204006312e-73 1.976733567833967080e-102 2.132069860605410594e-01 7.462413337025938432e-63 7.049021546635795174e-103 7.069852924572937342e-103 3.607137516328431040e-42 7.035541042368981276e-103 7.035541042368981276e-103
2.012770544565642145e-92 4.776636771620722522e-103 1.769464680651007160e-63 2.343428548584499671e-01 2.920780754667387552e-37 8.790464269893593506e-45 3.517068093419202303e-57 2.918050297117063856e-60 2.268376321254504890e-21 3.795533112696846678e-01 1.300095244167349781e-22 3.030006264943163052e-01 2.078826562822114312e-84 2.461420688249546361e-82 5.894408920787705746e-57 3.047326498004526458e-59 8.310320737754915699e-02 8.417956884174843239e-80 7.473592386526452307e-51 1.930304350104853689e-37 4.761839583597795270e-103 4.766310551637538880e-103
1.451822990411245688e-46 1.100799133790787618e-102 3.117061524009539084e-50 1.769067721917125415e-67 6.048796401811360054e-20 2.119657537978830796e-52 7.486430833681053665e-01 5.214119594512167367e-50 3.275979067120059366e-97 2.673614127369265187e-23 5.049402332791846982e-46 1.800514289841629867e-01 4.318325146245065874e-43 1.100453008895162273e-102 4.329220563421136301e-11 2.745136521560510856e-02 3.356128810504990004e-49 1.957752976952352833e-40 7.143171373577852096e-59 4.385412238883449471e-02 1.100346249869657875e-102 2.204432157812648743e-89
1.800776008655349830e-44 1.569766287610040727e-40 1.337565766300243882e-68 2.056436346027565587e-01 3.210816797144977609e-48 1.553119590302170627e-69 4.165436981864717987e-28 3.158501482898361327e-40 1.792906547484901061e-79 3.710780335515203047e-70 5.392317255992238323e-01 1.795675855557725183e-49 2.764866704947933774e-26 9.682114644532237120e-103 1.535185960314745178e-38 6.708509717376634485e-02 1.880395426242532086e-01 9.415013617668856956e-59 1.473473289778283539e-56 2.118355245286467094e-35 9.582404672958065883e-103 2.790317304401877242e-41
4.279271136076707172e-01 7.410238599201509272e-103 9.082456473768530519e-03 3.522198196335335266e-88 1.904383872856221516e-01 1.467425364051433273e-35 6.709700513945476247e-94 1.724226154716227462e-24 2.620787809272431268e-01 2.035618771488893307e-80 2.951307287816068436e-02 7.365012277687813406e-103 1.997965598495451838e-22 4.689021046719146796e-80 9.853021423177103540e-54 8.096018882753470980e-02 7.377525576947739671e-103 7.375154005564330071e-103 1.500670235025110347e-88 8.461546108606507177e-54 7.356607720316306243e-103 7.356607720316306243e-103
1.145914194893560084e-102 1.143048744468510680e-102 5.783985172088446474e-19 1.284955107460927887e-52 3.233577597383045787e-02 1.150235392162010549e-102 4.076092342842475128e-60 1.146776156852153316e-102 1.951329827262859133e-58 9.992269850056087454e-17 1.658132930195473087e-01 7.754739949307266622e-01 1.296422982405703326e-86 1.143048745489226671e-102 9.795138149798764837e-40 2.799519446714548397e-100 1.674956010977624309e-16 7.628117065230475405e-20 2.637693607589541508e-02 2.950502543409165756e-100 1.143048744468510680e-102 1.161518061505718442e-102
2.665731122848751901e-10 5.372020094921405676e-27 5.565592715751213060e-01 1.200370771252241270e-94 3.992056701215073239e-31 4.569819008888880194e-32 5.607914470175122964e-55 3.427890915834951721e-27 1.422081362806757381e-08 9.553992772731514135e-81 9.218567615263890698e-78 9.010732164657359366e-103 2.643323262309716926e-01 4.191499091428849103e-27 4.235959639135065409e-13 5.541026552484845658e-02 2.536911560003188987e-02 8.952613848035958105e-103 4.748638509963460405e-72 9.832900658121647430e-02 8.942048199965899041e-103 8.942048199965899041e-103
7.536842044789990869e-01 9.693570961965517722e-103 1.900619649516242366e-68 4.085674686809466142e-34 5.636209934069936452e-60 2.670876267285152935e-96 1.257383245450242881e-01 3.607301271728934639e-21 9.138561401676912561e-59 1.254526744412360018e-51 1.276830126701902615e-56 1.587029350746139421e-73 1.037527398264087443e-32 4.113584015117824766e-102 6.074435047944878903e-63 1.051533375528627026e-14 1.205774709759661056e-01 9.150898038020866024e-75 9.782089096087482992e-103 7.228857913104289051e-19 9.693570952353584481e-103 9.730594120125711470e-103
8.647550274390800040e-02 1.212747496603115749e-102 2.538984065566499138e-01 3.870431704345116131e-02 3.196552936488656491e-41 1.219098665783488740e-102 1.983537863064939169e-20 1.959620153886844368e-35 2.021488241590741750e-55 5.388318617864066076e-64 1.951906458465422767e-01 3.040026845143923850e-01 5.699575713303555447e-32 1.212748497866648109e-102 3.546839338997151880e-20 7.883510158736627023e-94 1.095918535627287832e-01 3.521975269124991346e-29 6.176048214024734540e-64 1.240770180276797227e-102 1.212747496603115749e-102 1.213658973232740156e-02
1.484207339902997848e-77 7.691385738436446898e-103 2.175520652675421754e-39 1.227048303344642627e-01 1.124607285250395217e-02 7.762509942014328084e-103 5.480369478147993225e-31 9.904379905621816081e-73 5.940060015288969835e-65 1.470239599172478538e-56 1.273377514983792231e-14 1.509849824713495442e-42 5.360176558520563556e-32 7.693293271930569134e-103 5.915968151498757678e-26 5.847165888615861211e-19 4.618498013935919621e-18 1.656694829798339772e-26 7.972919125290226505e-01 3.441607880513490592e-02 7.691385738436446898e-103 3.434110547886148890e-02
1.496217572372361113e-40 5.499045268265764810e-103 1.607581093816529227e-49 2.145383376462231037e-50 4.374708739070565010e-63 5.502585628992593521e-103 6.483381005106612626e-49 6.063983110095353529e-83 5.533909684991889524e-103 2.044435064764309085e-80 1.296510027461205555e-02 8.853847724603737881e-03 2.046424358626686338e-55 5.499079314804778212e-103 8.844680342042126559e-102 2.599558789857854807e-70 1.292765507176198699e-40 9.781810520007842014e-01 4.029892385734273607e-27 5.503373250875760890e-103 5.499045268264581098e-103 2.377360733887100367e-27
1.842300131146002194e-59 1.981029221409654560e-71 6.292366017343382038e-62 3.016598690148078904e-32 5.294015844861805623e-43 4.206010769830027043e-15 1.338674326622499832e-102 1.209055631197445978e-66 3.422318160545840815e-01 3.489094954816721050e-02 1.543301957574820444e-91 2.595350169106340584e-26 3.393602924251039321e-55 1.336151010735863448e-89 6.537073726614261513e-15 1.919951703275225297e-01 5.906552558075913022e-46 6.201907351570987841e-66 2.038863960103384260e-78 4.308820640697153537e-01 1.268711436287445343e-102 4.763941240843212213e-35
2.473020509797511522e-88 1.031403052719468950e-89 6.182172845882714840e-103 6.251588874023924166e-103 1.742412392295795160e-56 8.397900727891592920e-01 4.651337691269377958e-62 4.453281038939163485e-73 6.266241272418169861e-103 1.137760930433618648e-50 7.800873768381513092e-84 6.206660625980094293e-103 1.602099272107631589e-01 6.178006132970796980e-103 5.581031038779360158e-20 2.268532101176836954e-59 2.264104770281710077e-76 6.178006132926010238e-103 1.714818759717839603e-96 7.735977615841300165e-14 6.178006132925736616e-103 6.178006132925736616e-103
2.672105327645969752e-32 1.866461581524826102e-102 2.740031197875300558e-20 5.894129853552793944e-22 2.134591348565057778e-01 1.367949265142502124e-64 9.022550118260469173e-41 1.867246208754744226e-102 1.311428247773014644e-01 2.859111116392269343e-90 4.805302460920052865e-01 8.300883980047855937e-02 1.867804763219871502e-102 1.866461653580968329e-102 1.007319323770922809e-46 9.185895212376372909e-02 1.921622133724191294e-43 9.054677402796219427e-37 2.349945284903766348e-09 1.866461581494652750e-102 1.866461581494652750e-102 1.513587769895645064e-86
5.955231106557440683e-46 1.274917892741053044e-102 3.301909470281725178e-39 8.800083676223274868e-43 7.685921854562840494e-01 6.612792108674609657e-95 4.358305131484263728e-61 1.230133841010964386e-37 1.915320022298828972e-01 4.784728272011984356e-54 1.279911732733300216e-28 8.233002001285906597e-53 1.997799962113387854e-28 7.430942547449799123e-58 1.251466297389067786e-39 6.176129270281379855e-91 3.987581231383298397e-02 2.565586279036443629e-84 3.501503180634722049e-68 4.166029818836389507e-95 1.224973269229146019e-102 3.382631217801101720e-71
6.642180052459714588e-80 1.443482034111355448e-102 2.101802187025645634e-45 3.341738370782313775e-63 1.479203583963996314e-51 1.221219086316420982e-89 9.349398389271558474e-02 6.944873300361283887e-87 1.254868226245498674e-99 7.148354140166460668e-89 1.591630933106396584e-01 4.171622749098362117e-41 3.046511424517877598e-01 1.443482046905102603e-102 1.451846606370033775e-102 7.434668035117895697e-57 3.916291399688660686e-43 7.727526653409064628e-25 4.426917803448569555e-01 1.146594598587333670e-68 1.443482034111355448e-102 7.138620994233596561e-78
4.543365733575149140e-103 4.511887221602870520e-103 1.190317493887951088e-73 4.792833332000628194e-03 4.516220413488877599e-103 4.512632261552954379e-103 1.728623791776799534e-77 4.512174865466793112e-103 4.512057010518210294e-103 4.512288847966181645e-103 9.243974080631745471e-96 5.213962546912670908e-56 4.513920377866285033e-103 4.511887221603291858e-103 1.092263093528398280e-23 8.409250885202536070e-32 9.027734006859513757e-03 4.148710037617786805e-28 3.235531128087665981e-38 8.456440438580419104e-77 4.511887221602870520e-103 9.861794326611398320e-01
1.556571982614657646e-73 7.245565907255502562e-103 1.404470516735832262e-58 5.851381954208079031e-10 7.492139273424597099e-103 4.337573603512509580e-76 9.980782351716006193e-30 1.578500941344991836e-74 6.879467571820845356e-74 2.011693234286331213e-62 5.893749681090037717e-29 1.527241484143591835e-47 7.245565907370671587e-103 7.257989128402844801e-103 2.994057632647936090e-02 1.130076168843783223e-02 1.907648741657183220e-02 3.170280485174724605e-01 9.992725026849844441e-03 3.330037423922870693e-02 7.245565907255502562e-103 5.793610261998218824e-01
1.732147226525857371e-102 1.723706778995674464e-102 9.231582800117651422e-01 1.816071058005106390e-72 2.114674023810902563e-31 1.369720038552150480e-57 7.949196687122086322e-36 1.902556005417995792e-49 5.497038747935434933e-35 3.774063179097129813e-76 7.109757735306191938e-53 2.478886322911738066e-91 2.481185685183167483e-02 1.741704514957991537e-102 3.198685505783650636e-66 5.202986313640318300e-02 7.960873588288603966e-76 9.586519933548149197e-91 4.738210941664748117e-73 1.726879783386434506e-102 1.723706778995674464e-102 2.699071794969467905e-77
8.925164595553987757e-88 4.675509195953615471e-01 3.291201273528797641e-103 3.295510962925739331e-103 3.208845358791278446e-98 3.332436412009995235e-103 3.299887431457949058e-103 2.223479261793643812e-65 3.791892770342531211e-69 3.293802144151558481e-103 3.896125281587409368e-103 3.289777933310889210e-103 3.293729892020972519e-103 5.324490804046384529e-01 3.360548882556595120e-103 3.296569077726405961e-103 3.582477514619574020e-62 3.289473684210526616e-103 3.290350833711060866e-103 3.454512674599403077e-103 3.289473684210526616e-103 3.289473684210526616e-103
0.000000000000000000e+00 0.000000000000000000e+00 0.000000000000000000e+00 0.000000000000000000e+00 0.000000000000000000e+00 0.000000000000000000e+00 0.000000000000000000e+00 0.000000000000000000e+00 0.000000000000000000e+00 0.000000000000000000e+00 0.000000000000000000e+00 0.000000000000000000e+00 0.000000000000000000e+00 0.000000000000000000e+00 0.000000000000000000e+00 0.000000000000000000e+00 0.000000000000000000e+00 0.000000000000000000e+00 0.000000000000000000e+00 0.000000000000000000e+00 0.000000000000000000e+00 0.000000000000000000e+00
