1.893714612155741475e-91 6.885221919361272424e-103 7.141650307487026786e-103 5.059530354617881343e-23 2.847988530458444379e-85 9.552020890732629292e-66 1.192204147462322805e-88 3.881709174320266580e-10 2.227798612739551876e-01 1.671428925866690021e-10 2.641363244467835137e-53 1.438172135168757008e-47 2.721269674128511395e-01 5.817444657547514351e-67 2.289354591036690117e-02 4.760220824931026828e-01 1.227428470341412428e-66 1.311595766331839563e-16 6.177542354410030245e-03 4.886085879159374032e-44 6.885221919361272424e-103 7.093620196991523201e-103
1.196422350044219458e-102 1.209298304557825968e-102 1.169048085477447180e-102 9.167953634653705260e-61 1.185871153414485838e-102 1.168939856750220328e-102 1.171997461797709934e-102 6.544526794328718256e-22 1.961359671812552810e-99 1.707341714080490943e-87 1.175523612872415820e-102 4.560143583274063028e-95 1.161647274521388289e-102 1.000000000000000000e+00 1.166499805273219587e-102 8.689966562324567593e-78 1.150114323672095514e-102 1.159865756923110676e-102 1.149718087690097656e-102 2.612884646796184184e-79 1.149632722215802182e-102 1.149632722215802182e-102
1.466343386355792635e-82 9.318727376337112665e-103 9.184634116322970818e-103 6.778933122194794048e-02 5.995200107891378583e-01 9.305356971203127751e-103 4.493970400303321403e-21 1.008027450505996634e-77 3.067022899227051612e-99 1.273267026522142313e-82 9.330492941690165655e-103 2.181599235670577774e-74 9.342482296228500362e-103 2.421985133334189102e-88 7.042097651883368755e-63 1.397649644669243241e-01 9.448559360850459350e-103 9.325182130784806029e-103 9.232177083424887183e-103 1.929256935219898494e-01 9.177416909733952169e-103 9.177416909733952169e-103
7.783705932302188865e-67 7.123287303255880625e-103 7.085604441746837620e-103 2.324704306357048555e-01 7.092100991483852542e-103 4.043999176245648075e-74 5.595975407421970891e-33 7.108222058057482122e-103 2.212444097626332366e-100 7.354615017361603044e-103 3.435262115610750043e-09 5.191563417426965793e-30 8.300775317853219260e-03 3.391871847652177149e-101 2.758949516569632380e-78 3.523354492313618581e-64 4.217690115375615406e-52 7.592287906111797602e-01 7.582863555265369536e-103 1.608062218075287321e-77 7.085228045548762196e-103 4.664060933951361395e-81
1.465595799196601889e-81 4.123666369770254830e-02 1.545148911373198150e-102 1.094607095887371293e-23 2.537817522829132039e-49 1.588875482294792275e-102 3.856401316187054663e-53 4.984322676773676741e-02 2.805654186967099123e-29 2.513510370321865237e-02 5.115507018327229874e-69 8.535578979197916916e-58 1.065458801937871625e-01 7.967895006629685309e-76 1.350962715287956986e-02 6.755446229272739078e-01 1.561666167740696582e-102 5.906654392606524633e-73 1.530709498031669552e-102 8.818487555740146810e-02 1.530709498031669552e-102 1.530710478609696458e-102
9.348632988665143626e-03 8.307168966791212566e-103 8.307168966917962934e-103 9.461941902045777004e-70 1.019903530527856931e-12 1.364566628417124375e-65 2.627728014112357641e-78 2.907141711979620335e-67 1.017320040396979339e-64 8.317802715535182880e-103 1.234010065641945483e-57 8.644576556473882085e-103 1.093288722614336992e-44 5.740915376950391927e-26 8.634673593080393863e-103 7.668658272084303444e-89 1.238947371075145067e-81 9.355553439352272405e-02 8.307170325419265913e-103 3.432455096393031285e-02 8.307168966791212566e-103 8.627712816528618767e-01
4.642079892091873633e-02 1.218421959168681367e-102 1.218421959168681367e-102 4.052979230717795046e-32 4.398769010762842269e-05 3.549604353425017678e-01 2.756676877904384655e-42 9.655891144942773318e-55 1.972222661292959370e-71 1.224740556079167464e-102 4.906703907579976764e-01 1.232340852591045286e-102 1.393146976871674233e-50 2.649381322457219978e-47 7.628006121035485464e-22 8.313445434393591793e-02 5.820074905599782848e-46 5.141861696000273930e-82 1.227206307593730604e-102 2.317248954192129021e-37 1.218421959168681367e-102 2.476993294453819563e-02
9.146815741940624647e-53 1.104386075235984539e-02 1.130131742943718777e-102 1.472532801488937125e-40 1.225916206068782407e-63 1.129104791465947928e-102 7.867071229648652826e-97 3.110703233232438025e-01 1.181544935365703708e-01 1.779014203143020626e-59 1.749499969854955725e-72 3.049084603462943569e-19 1.597854914530150251e-35 7.219920068562837806e-48 6.782589882643753409e-90 3.326577641531666561e-29 1.142228897690933367e-102 1.315748664450841983e-72 1.092300447627224208e-102 5.597313223878260802e-01 1.092293659505299068e-102 1.092536898301797133e-102
3.772077405093165470e-01 7.478228013456153987e-103 2.289194966231347452e-63 3.483838916156938616e-32 1.541229908566890933e-41 7.664665116740227804e-103 2.398306194647368967e-99 3.542959130017105400e-45 3.567808931174297980e-24 2.469225421531565416e-41 1.590360637232624848e-93 1.314356060703019136e-01 1.699071432764560075e-01 3.947622504188308043e-94 1.283875898327708861e-43 1.043276101556790348e-54 3.246650640993326035e-47 3.214495101439254765e-01 7.463212276884602392e-103 3.344520823194435819e-65 7.462755877253908304e-103 2.095436098094641659e-61
7.047480744118622686e-01 4.123901704726578438e-02 2.293089936690478881e-87 5.465818328265849667e-93 1.512137027128253944e-41 8.145334193607349789e-103 1.733712570776473709e-98 2.038075172497466891e-01 8.124071883664262445e-103 3.514800643145347860e-81 2.853008444295782047e-95 4.172383873540828902e-02 8.111644495263041161e-103 1.739460571524728073e-45 2.236306242481070860e-85 4.232575455782694694e-52 8.466135238607829124e-103 8.481552555716982689e-03 8.030832033489825369e-103 7.387553205684975218e-74 8.030832033489825369e-103 8.081892707239592226e-103
1.193256073021184497e-102 1.163329337304398641e-102 1.163372746627816431e-102 4.195737216951297725e-52 4.837399706602601933e-86 6.723811225987254003e-01 9.068627142975041466e-02 1.247402760026142059e-102 4.265941489217767862e-02 2.494302356660925771e-02 6.874080126327840780e-52 1.507871484272575063e-77 6.721167642500420698e-36 1.214710557890271328e-102 1.195220663015141016e-01 4.980810121122326850e-02 1.344952146086966723e-32 1.181518066311315501e-102 1.163332555606767779e-102 1.181479766136308392e-102 1.163329337304398641e-102 2.385900358062466684e-55
2.080553583888207821e-56 9.884140333871396447e-103 9.922003519592733150e-103 5.047451869670633862e-01 1.020229980458391119e-102 3.311291035104873482e-63 9.398490991592336541e-98 4.466966171379801149e-82 4.341600680094252833e-84 7.611161525106036084e-94 1.049461250160181373e-43 4.175460862389464975e-73 4.317088852414281974e-01 3.790250894649383888e-98 1.435831484518530644e-07 3.497803322147740517e-56 3.216302415849247126e-59 4.038911583836881402e-36 9.884121527858064671e-103 6.354578420836005936e-02 9.884121527831993267e-103 1.030537724433731337e-102
2.319026929410428118e-68 6.845859924331394783e-103 6.461668719809507035e-103 2.137469159507265034e-81 7.795975184680390974e-78 1.981191348926999477e-39 6.517896158518183989e-49 3.060036854928598513e-64 3.997674064845587533e-87 6.578411449968026688e-103 2.218377929602519954e-93 1.036544608077553222e-63 2.131026708284321803e-58 6.549007546892283068e-103 9.555095330883440763e-01 7.063193257432290962e-70 4.449046691165583350e-02 2.056055581894087332e-80 6.676714459989396705e-103 4.566523075180557979e-40 6.446701840708810596e-103 8.604516194266720578e-45
1.848345177191390341e-86 1.147157366426234267e-102 1.138924115569132545e-102 1.145142963823937002e-102 1.671424813191829402e-22 1.142254621641995564e-102 1.165790532733350964e-102 3.911551681172491524e-01 4.901116821924526579e-01 8.325963760078534684e-23 1.177313785166669293e-102 5.119138524196895587e-52 1.155864670054663130e-102 1.581635878658428170e-34 1.745303917539009376e-66 1.984356308343124896e-62 1.141670490558329492e-102 1.407599606300940610e-94 5.406183673783939905e-67 1.187331496902981204e-01 1.135841191508984255e-102 1.135853820331446986e-102
6.108712782660487634e-103 6.082655121986443630e-103 6.075652086216783350e-103 9.581517482057071488e-58 6.069938746049465545e-103 1.112680397411188737e-01 3.431680293366726670e-54 6.090429340771904002e-103 1.196357595116196403e-02 6.124718891681952043e-103 1.471465947114474482e-01 1.749834823262090991e-44 2.409209054897432922e-01 6.059480626295065456e-103 6.532167751686468460e-03 5.089128335124892707e-86 5.152232729870014072e-02 4.262166013790086999e-02 6.055543148303709996e-103 7.513539539684267548e-38 6.055529224424214183e-103 3.880247289182410242e-01
1.612068188967892895e-78 1.542062696265599116e-02 4.928173835330789050e-99 3.013252025364667741e-01 6.291956544228330597e-70 7.468399702655270524e-83 8.700014916975965365e-79 7.683822448416386963e-35 4.742464287068774709e-02 1.323341965929885830e-02 3.015409100956388869e-67 2.276434812864160384e-01 2.935669077598312195e-36 6.181833060385825644e-63 3.293438856133179970e-50 6.372508003538013489e-33 3.039607928088244373e-78 2.086069950302247081e-02 7.445023050838073056e-103 3.740919271814521774e-01 7.163148058303060733e-103 6.184899710685481616e-50
1.198178121491402098e-02 5.982955784512688989e-103 5.983842981668637169e-103 4.672272616340832074e-02 6.058346533416176003e-103 9.017829237319621716e-02 6.102544141257636483e-103 6.005990047184605748e-103 1.056891671503060387e-65 6.070756306244801151e-103 4.184083128919010436e-02 6.014479953324167317e-103 7.376916295837055229e-03 5.982955784512688989e-103 8.036462335026948151e-32 7.251760604719865775e-68 9.417019514854667495e-32 1.329440461851981168e-24 5.982955784512688989e-103 1.262983621300999483e-99 5.982955784512688989e-103 8.018994526634543041e-01
5.940309935139837261e-103 5.797869646541352589e-103 5.798616313878706062e-103 5.869385834418473896e-26 6.021387907446103877e-103 2.612551073095484096e-27 3.024644135283480542e-15 5.813287878448470799e-103 5.854151465429677969e-103 5.810461501904934587e-103 8.345731682306285759e-02 3.693378751774717417e-02 2.452524226102052687e-53 5.798510815924880250e-103 5.369111807242768280e-35 8.694427671687755815e-86 8.796088956591869845e-01 3.171486547050530884e-38 8.629180422149041136e-18 9.896221575538486987e-101 5.797126497042690456e-103 7.658728090813165409e-70
8.531939714465380407e-103 8.411383563600098517e-103 8.411839715911534970e-103 8.597273709677934750e-103 2.246468372924475955e-63 8.443681914546429683e-103 3.358582819380194664e-93 1.774376412403250584e-77 1.894732254062232750e-47 1.000000000000000000e+00 8.424862156724377575e-103 8.417089707932891801e-103 8.466784386012909332e-103 8.750926652820434888e-103 8.589950761765562137e-103 7.733716320271141171e-79 8.455362139566308695e-103 8.420792634174883732e-103 8.411383563600084638e-103 8.534083250224742495e-103 8.411383563600084638e-103 8.411383563600084638e-103
9.848619663256660102e-82 6.387464255800820301e-56 2.611562598681691574e-99 1.937241366501736424e-51 5.833150027573846415e-63 3.208537793564971029e-96 4.910442039732484942e-01 5.469623511413735506e-82 2.341082066425145825e-01 1.493920395562520411e-23 2.249232017869353813e-64 2.658497140926770475e-01 7.684778069444693134e-67 5.540660928767073270e-98 8.997875291559985153e-03 2.661523194497923915e-76 2.583386099309888680e-37 3.927154461687938738e-82 6.644969173706141440e-103 3.738678908234146978e-43 6.610900088516679669e-103 6.644337835932928645e-103
3.319056841179546858e-103 2.499717601335663120e-01 3.584313229490068142e-01 1.978551184956176327e-85 3.290750127194575934e-103 3.298267163105737737e-103 3.321313681808219503e-103 5.573818679054700887e-49 3.292090793684433940e-103 3.338399290975823164e-103 3.352936006502438514e-103 4.477095660035543076e-44 3.353913005580541788e-103 3.474258718166817281e-03 3.291174598043322970e-103 9.781151169942845309e-82 3.290109448704989978e-103 3.292456525640524448e-103 3.881226581992600622e-01 3.293716601548731101e-103 3.289473684210526616e-103 3.289473684210526616e-103
0.000000000000000000e+00 0.000000000000000000e+00 0.000000000000000000e+00 0.000000000000000000e+00 0.000000000000000000e+00 0.000000000000000000e+00 0.000000000000000000e+00 0.000000000000000000e+00 0.000000000000000000e+00 0.000000000000000000e+00 0.000000000000000000e+00 0.000000000000000000e+00 0.000000000000000000e+00 0.000000000000000000e+00 0.000000000000000000e+00 0.000000000000000000e+00 0.000000000000000000e+00 0.000000000000000000e+00 0.000000000000000000e+00 0.000000000000000000e+00 0.000000000000000000e+00 0.000000000000000000e+00
