1.419950575055920049e-29 3.657411849778011793e-42 1.006966384593240544e-33 2.172669278590660252e-02 1.418090316192408752e-38 2.831431323855819038e-74 7.125384053712157882e-54 2.277021793442188888e-37 1.137170911606772693e-88 1.783383509052930574e-19 2.172681671337168203e-37 3.741150612290240463e-23 3.522295973003821018e-54 9.593136213155041281e-01 7.242174883563254741e-33 1.895968589858164355e-02 1.409599172294293095e-102 4.903969116011895302e-23 1.559471670905288677e-31 7.573887637403540185e-15 1.409599172279836145e-102 1.412552116654425543e-102
2.431734140006670321e-42 1.000304673854247598e-08 1.002846904238743299e-102 1.877639141742775433e-30 7.376470499859068858e-15 1.023512242743287421e-44 2.292944327190553418e-82 8.732723092147074156e-24 1.000348682201707992e-102 2.119635371740228036e-01 2.813283423174620101e-01 2.286846100989774002e-43 9.768848039680372970e-08 5.067080128169807463e-01 3.362172954107061048e-37 5.736273385979244289e-27 2.441938825203243597e-73 4.068868856916156941e-41 1.000054488005212919e-102 3.994207805326114013e-29 9.983356618514874150e-103 1.005663993359994516e-102
5.924971939393640662e-30 3.982067699387093601e-45 1.805259071359484598e-38 7.292251524427630915e-01 6.853216742317904161e-27 1.623169230738721602e-102 1.035429837821825698e-58 1.418293157341583657e-25 2.121260873032572344e-102 1.184876259686107325e-01 3.016534203929039021e-17 1.560985668983321511e-77 7.234219591895471591e-02 2.173400425946486362e-05 1.003181342106972492e-31 7.882807146119276070e-35 7.992329166541208008e-02 1.318970148531711194e-29 6.067237324137379474e-34 2.126345522872929493e-51 1.603673079014388408e-102 1.603673079014388408e-102
4.064372116289463599e-02 5.449807057862666052e-50 1.983120111003848266e-37 5.310099865354356914e-38 9.117945604937628651e-25 5.909824581338540319e-30 8.218356767596095855e-60 1.553101457885134576e-68 6.597408796817024269e-103 2.769847918067957493e-01 6.632140577730261978e-03 8.936665127246912984e-51 3.871511211596102628e-18 1.710270909063277088e-37 6.757393464525793814e-01 7.171259008979530288e-81 1.505334294545720721e-83 1.955667622438738004e-65 5.394380589164729566e-86 7.534198065704308908e-52 6.591777366068119054e-103 6.633816753361914955e-103
5.807116272372596698e-25 3.764003795781545869e-01 5.465398055994238902e-30 1.613084001011903923e-54 1.233317534943199196e-15 2.543082012407819308e-44 2.775369142759323582e-66 7.813153425965733917e-50 1.771263853109528777e-86 6.033795618464644211e-02 5.085197714309450667e-01 2.934973676289401758e-43 5.617784446022642580e-17 1.362126208856773164e-41 3.799207862503460880e-05 4.085205738678052016e-51 7.672492709367814308e-38 1.870539699151547650e-02 3.599850373611104826e-02 9.338022334657092224e-16 8.365330061190470182e-103 4.345936421109070701e-57
1.422809454258902718e-53 1.510670907511614082e-49 4.075462004510941871e-01 1.312722033249719422e-01 5.452599733892785766e-02 7.955797558797369304e-50 1.165065102769544514e-64 2.160946117955224655e-55 1.608720526945126110e-79 5.953825031740058116e-51 1.207814101264919486e-57 4.449106442132505691e-28 2.773518895457210975e-01 2.764260706493987058e-28 3.163445295494760318e-13 8.570857756728451126e-103 8.530049860865362015e-103 9.055613598826181901e-03 2.453503493746181994e-24 1.202480957401423356e-01 8.530049860865289644e-103 8.530049860865289644e-103
2.443867406391456165e-01 9.299567109506294094e-12 1.753521808629732086e-06 6.802859213807140037e-03 2.134171213227662733e-01 2.373857847741574724e-15 1.483034326694181726e-01 1.358380268919568966e-38 8.057585093096529716e-51 1.899996457012808418e-20 7.862762618253198776e-35 2.024552564036611559e-37 2.238182608693797887e-61 3.190203367995595872e-04 2.309069110793295632e-01 1.600903265542942942e-28 1.738683054118954061e-34 3.243800083207067780e-02 2.071910235403441356e-77 1.234241603755522887e-01 6.689009001663274843e-103 6.736863891801947519e-103
7.604779466525815184e-103 7.605171262761422538e-103 7.562823700791593020e-103 7.570928917524551652e-103 1.604433876450669927e-02 9.649831863771469640e-47 7.843888018334192906e-103 7.560808924667339337e-02 7.564965702700391437e-103 1.048119747238404589e-50 1.447416489313034862e-02 7.453029618225171975e-08 7.562804699554229318e-103 1.793416923781821933e-68 1.601008013226905511e-96 1.477328497386038997e-01 9.970052246500727506e-85 1.829588139731093965e-01 7.562784567687664478e-103 3.121739558792447494e-02 7.562784567687364088e-103 5.319642732657554607e-01
1.224626623972295077e-94 1.231892202119612552e-56 6.225085908292249361e-60 4.340113894449304510e-01 3.117327795035603036e-24 5.414082609899294463e-01 4.809820888254072223e-56 3.544346666191470437e-10 6.847294726487705991e-65 2.046511469118302716e-40 6.840312692863114338e-60 4.933423271040224164e-103 1.086012410833258047e-45 2.014663642863529403e-65 1.340428335017907647e-41 4.942406392129818457e-103 2.458034921070543707e-02 4.919011443279677697e-103 1.652475585675287366e-65 1.511501202631910060e-74 4.916069359932177402e-103 4.916069359932177402e-103
4.298214855178998593e-37 4.268424749563047849e-01 2.502184921040755641e-70 5.003419253508063027e-57 1.351486729596115179e-49 5.658142355764608489e-48 1.218643546082936735e-01 5.321799670207297598e-59 1.108214156622026534e-95 1.849904719049547144e-43 3.827302901643153121e-01 2.791139424517689953e-52 5.675881324903967000e-63 9.344945550932213275e-44 1.041345405198907544e-41 4.138229157082778655e-58 5.363927094171150462e-79 6.856278331164365747e-02 1.025063193336718051e-46 9.695944241665467642e-08 7.736657961692941464e-103 3.877866632727920748e-72
7.962178663652721324e-68 3.374304233965195310e-52 5.406818202619362995e-103 1.175372535477347701e-73 3.241456360949930799e-55 7.792739701044674290e-80 7.126247616022158952e-45 4.630326266367529170e-32 5.429143964736118584e-103 1.515328327992004214e-45 9.476556159538568011e-32 1.135268514251689856e-40 5.485055781891612868e-103 9.544043097198682078e-37 3.037600099566449311e-78 6.917793294220251880e-34 2.282277005170968556e-94 1.063874441915125848e-32 5.481322756902259499e-103 1.000000000000000000e+00 5.391135430361179393e-103 6.106030637187371853e-79
1.306277006956891627e-102 3.591854397101872423e-46 1.306302741658665732e-102 1.306277008176197007e-102 1.306287686032671413e-102 1.321936133988667374e-102 1.306352562298240327e-102 3.966106732591548465e-35 1.306292114628311488e-102 1.306448834290633039e-102 1.728422489541714679e-01 2.504812385528797664e-24 1.306277006112737275e-102 9.455199113989969234e-80 1.306326545498008488e-102 2.727481802154234229e-28 1.306460546224032640e-102 5.203049275282986193e-36 1.307882117887065249e-102 2.776284142767085697e-02 1.306277006112737077e-102 7.993949096181577341e-01
1.159641757451362618e-24 3.466719136531070332e-22 5.880903287904695418e-91 4.328304082980608768e-41 3.569384300921728948e-38 8.029243160746336708e-22 9.999649126535008481e-01 1.887185916414105931e-23 1.441159773539187183e-87 3.508734649919844511e-05 4.788729551174088024e-76 5.748993679629815269e-68 1.701064644040729972e-29 1.178266747408590502e-64 1.996954058520719282e-64 1.060593310325647734e-90 8.962169258825298963e-103 6.810095004386782894e-18 2.285517261039822193e-101 5.767341215784115482e-47 8.962169142194691400e-103 8.962169962068182856e-103
6.077061143630160117e-02 2.373444702731237251e-42 1.258948352724466412e-98 7.834359888031789537e-103 7.818176478679447423e-47 2.019192879048857017e-80 4.899150588174992694e-61 2.053216458340928729e-31 7.816976434364514805e-103 2.693178577991114236e-02 8.361652055531310079e-02 5.983909498595790799e-01 2.142192284273091206e-64 4.657507525837419754e-02 1.326557344558316045e-27 2.133241272837461564e-27 1.575084403486580117e-02 1.679642129775321124e-01 7.817913040813877379e-103 9.812285920996421981e-11 7.816644390928226560e-103 2.234259232408546880e-67
5.510652456440276459e-02 1.658706653028800064e-37 1.032458992068806488e-49 4.799988521929258017e-32 5.773729254960140445e-01 1.436103462598479129e-72 1.613110304178193556e-57 3.604639886940423679e-50 1.024474947493643697e-90 2.428673300754185249e-01 1.246451182933459162e-01 1.065836045509467676e-26 8.101532079505220705e-06 7.159393312071899552e-41 3.873916154347706289e-11 6.846912301237510367e-57 7.408696719225250091e-60 3.583220229582763461e-35 3.308949994438025089e-59 4.386087097383606312e-60 7.297280445816236274e-103 7.298191489559821255e-103
5.321494716795788049e-103 1.223308890067826981e-92 5.299400720185355477e-103 5.308960863174702978e-103 2.324220853064791429e-92 5.306259235266746626e-103 8.721217829155607091e-94 7.345159748903005650e-58 7.969009649860810375e-93 4.163281147612064888e-66 1.652533269004284600e-02 4.988383542588449167e-62 5.305385363505398125e-103 5.318159740499089530e-103 5.297894095629943856e-103 1.278169479091546068e-40 5.318585935304646906e-02 1.720827756553757609e-02 8.608676211798299767e-94 4.063573791831460470e-27 5.294330515738681275e-103 9.130805303913730464e-01
4.767080190944596452e-01 5.688993861296696001e-47 3.826145845804954713e-93 3.594506105213687247e-72 5.259195136915071253e-65 2.621623359205754178e-01 4.630188416405770845e-68 4.156017727628981402e-74 1.272712655656651210e-82 1.762800587564304218e-64 9.891270567543900232e-49 1.472581998819861149e-43 3.212878089315317640e-20 1.149298265502355226e-01 2.974279538733788837e-69 3.014699828851840578e-67 1.461998184347294005e-01 3.699298986798844126e-102 3.691233985739989798e-102 7.339949836761318644e-50 3.691233985739989798e-102 3.704824561632976495e-102
2.399323755349969615e-92 3.511001108320323348e-92 5.971425029717910465e-103 3.463305531314568386e-97 3.301190503431095718e-31 2.712041204750432331e-98 1.192056589891358479e-95 3.955041615033441135e-19 5.960812999163129165e-103 2.344253667328814783e-39 4.764348542988131221e-30 5.556262902259399746e-14 2.749226483439866195e-92 9.414666562461379466e-60 1.121970296975837479e-74 9.999999999999444888e-01 9.819741585980491345e-70 1.331726141775013029e-23 1.794650762539178783e-75 3.659202578405914327e-28 5.952307750270834931e-103 6.061114825969778446e-37
5.515259975161242158e-101 1.017402301763712568e-30 1.404477485709237361e-01 7.488368037028979906e-26 1.993646668959863468e-23 1.286095043379993036e-34 1.044491145849688048e-83 9.872577473830198386e-103 2.210823230772937710e-62 1.413324423532684726e-01 2.332295592503263870e-93 1.009119798813684398e-54 7.182198090758077358e-01 1.519914351329627326e-75 1.475815217106144056e-55 6.444573426233765275e-97 9.449929387965045066e-88 6.750786190790935001e-83 1.158246636373886101e-44 9.726038858829204290e-103 9.633642968937760188e-103 9.634098042722705167e-103
2.108467845285300470e-48 7.140417543072194126e-52 3.561200751442598378e-85 9.697408146956485717e-90 3.542239655088998885e-62 1.472098075646517307e-88 2.302827457137767549e-89 5.449559861576106501e-01 4.482563631643533700e-103 2.151449275298734259e-52 2.090198626211779450e-32 1.092766500187595427e-27 6.586595894301862766e-89 4.673484273960925812e-49 2.315096450437991629e-37 2.871205581511373639e-12 4.458587657810562373e-103 4.550440138395180356e-01 4.462738556867953709e-103 2.567566072423678063e-30 4.458482031992192173e-103 4.569474557730041257e-92
2.120819462019240385e-48 3.703288891063563726e-85 3.706513972912468818e-34 4.552400197016013386e-95 3.308965426810677414e-103 7.606988229596108716e-77 3.356049851626612706e-103 3.291098890494408906e-103 6.691267847075103026e-01 3.289473722418763626e-103 3.310619266399738697e-103 3.290492562579574715e-103 3.291669178660679714e-103 3.328240373391774366e-103 4.774752927659827925e-72 3.289797987409718331e-103 3.571917744529323150e-03 3.308792811777872553e-103 3.273012975479604458e-01 3.289511558142946811e-103 3.289473684210526616e-103 3.289473684210526616e-103
0.000000000000000000e+00 0.000000000000000000e+00 0.000000000000000000e+00 0.000000000000000000e+00 0.000000000000000000e+00 0.000000000000000000e+00 0.000000000000000000e+00 0.000000000000000000e+00 0.000000000000000000e+00 0.000000000000000000e+00 0.000000000000000000e+00 0.000000000000000000e+00 0.000000000000000000e+00 0.000000000000000000e+00 0.000000000000000000e+00 0.000000000000000000e+00 0.000000000000000000e+00 0.000000000000000000e+00 0.000000000000000000e+00 0.000000000000000000e+00 0.000000000000000000e+00 0.000000000000000000e+00
