4.988363448312995579e-02 4.853811605752680899e-30 5.440545649353540418e-14 2.246247691180697226e-01 6.113412383066253453e-01 9.906241845008639791e-63 8.381996158230310207e-85 5.141307164140546094e-103 1.493192817362366807e-52 3.493135828205033622e-34 1.036531603294546106e-01 1.049719776266594753e-02 8.724605286646832586e-82 3.520181804272389536e-94 1.411678282112400940e-87 1.404451912289896135e-51 5.143429946814458456e-103 4.535353266981782475e-62 2.948750121226143473e-37 3.937493141934933505e-25 5.135101996272216816e-103 5.135101996272216816e-103
1.026889954850860988e-37 5.955241547855600485e-20 1.685392116092360703e-43 1.656161653802206577e-62 1.973478139016274224e-01 1.218571721412875983e-102 3.687528526287232183e-02 8.215257090680398866e-75 1.721215989068259344e-01 7.805914469974142844e-02 1.050587163470109903e-65 2.200363805480038404e-01 4.951970193343775757e-30 6.330478445859237524e-02 1.655340289317222600e-54 2.927215557197653985e-63 2.760774782682074041e-102 3.486508082405848653e-66 2.628146091922578132e-27 2.322549922223366703e-01 1.217893021519859569e-102 1.217893143928900495e-102
8.327488382982513823e-69 1.561524054714089994e-30 9.607884130133260980e-02 8.341740542811297633e-54 4.775173092650542606e-40 1.366422003308147237e-102 1.382552000676280472e-02 1.132731243411923468e-62 5.920991503611141471e-15 2.042011976875177093e-52 1.259512578152684708e-22 3.508345463259918849e-28 6.015864015304221712e-13 4.196308279900425205e-26 1.559337060257600223e-30 8.900956386912968199e-01 2.782301820704443652e-45 1.362806600326178379e-102 4.605875547725212474e-43 3.094381531824296957e-29 1.361369373999214988e-102 1.361968710685337561e-102
7.754342007587689102e-49 7.209715468160968107e-47 4.035867724824938449e-25 4.131205141804031311e-01 2.760731071946599286e-38 5.715775446108235981e-103 5.296040284742175938e-55 4.906423610307917437e-29 3.028499111533811193e-22 1.403303207567956662e-43 5.264432776356983146e-01 7.724339299390859036e-33 5.485832409387344383e-30 5.269407361331153817e-42 6.929277667225224866e-24 1.211499580644750740e-35 6.043620818389858901e-02 5.689263436910265389e-103 9.740955982363312155e-81 5.549681293674461211e-61 5.689154906777002489e-103 2.096571330637798787e-48
1.424717347199409173e-33 2.258904306801428937e-26 1.447203083447801304e-02 4.086941114617776427e-01 3.214549709651415729e-24 7.372363344234131793e-83 6.764505765282510344e-61 7.150381361249093199e-71 2.873110795601713290e-31 1.251360173271209852e-01 2.293556775829635486e-37 6.095977059145291088e-02 4.619401092401323494e-45 2.857684674669755082e-59 3.517413852548090150e-53 4.411118141727321508e-15 2.412474981216859051e-89 6.880965872097673795e-103 6.324527907671871997e-67 3.907380697851659535e-01 6.878683219420704809e-103 6.879588515253332282e-103
9.999999999993093303e-01 2.776791527691644541e-48 3.864800052439807838e-59 6.907069845083194299e-13 8.181601929838867643e-31 1.879655255555794714e-61 5.414285745830757926e-103 5.406173314499299212e-103 4.418490486009130137e-85 1.999826106582367732e-93 5.405951411259531680e-103 5.429165751512334153e-103 5.412066018804976586e-103 5.098886373337368415e-96 5.406703552489335774e-103 1.796943719066633147e-91 5.404970665660707597e-103 5.408684600874524278e-103 6.398261529176317443e-45 9.211666376007616449e-35 5.404708499547988271e-103 5.404708499547988271e-103
8.766293906472805658e-71 7.778568110158304197e-32 3.794951380613770406e-32 1.553321754350838334e-54 1.621602624071201871e-78 1.001607157848497718e-102 1.227794518461629021e-51 9.886803603412016583e-01 4.813295747022827420e-31 1.131764267630388544e-02 1.415568789232115114e-22 1.572295714430300012e-26 5.957063974075541294e-28 6.810890824011400453e-50 2.866864840133880822e-35 1.919432998898892379e-06 7.754949563300499044e-08 1.001607152694465064e-102 1.003552962810365767e-102 4.298755200169733057e-25 1.001607152694465064e-102 1.985568907577106663e-60
9.478753627077722000e-103 9.498746113590204585e-103 3.505668096184627844e-65 2.657600638166789824e-94 9.481415509991364589e-103 9.481203708553207474e-103 9.482380783205845821e-103 4.577304138277666593e-09 9.778723001614484170e-03 9.482491892615378659e-103 9.500262889186036203e-03 7.143359464591480224e-86 7.561981004757636336e-35 1.664398574011404227e-80 3.199116156008828538e-02 1.157637378327779598e-38 1.166893111211174533e-01 9.478755115532356966e-103 9.481941229270908576e-103 9.478753627430642640e-103 9.478753627063793061e-103 8.320405368506896826e-01
6.561536624478768462e-102 4.503806333646572697e-52 2.994146209856834671e-52 3.078003321795452335e-59 9.333222387074394430e-35 1.993587453405266719e-102 2.953784474619481454e-33 1.311417007177785031e-41 3.083075031260921750e-01 9.593678417410249348e-02 2.118712876104977133e-02 1.287362334206907606e-35 1.796022149188983640e-47 3.189180026603497049e-46 5.745685839387555394e-01 3.232293849875960494e-25 1.718892890242981593e-32 1.994532153149147159e-102 1.993587456288424957e-102 1.383918187688669303e-32 1.993587453405240943e-102 9.931854749404556217e-57
1.405481109352843629e-87 3.324505732472660672e-40 7.962273049931118354e-48 1.059555395767654944e-55 1.224483895692865376e-63 1.876743956803654011e-79 2.155332044801505693e-26 5.821295388224214368e-59 1.696365648751162469e-01 1.622067907239739815e-01 7.540643182985395462e-43 2.733065916741916990e-35 1.382601633577551215e-45 6.491087700961467588e-01 1.904787430476303361e-02 4.173838901514596336e-43 8.505386741866207332e-30 1.638304404366338100e-102 2.519112696935689483e-63 8.107654996044362446e-35 1.629139899796078014e-102 1.985132440016206035e-53
1.113457659525663291e-58 2.791589166978011413e-28 7.097751421685339478e-44 5.915110130530734247e-22 1.083442142585970652e-42 8.058770370660439002e-103 1.309635958730160163e-14 2.939037570556269343e-44 3.742242861724023256e-41 8.167507719374226052e-03 4.919564979539108373e-32 2.190932920141523528e-62 5.137540796043705837e-01 2.094044383113829414e-27 2.958721273983100919e-01 1.822062852779320341e-01 7.925923651299640362e-37 8.034633681987311268e-103 8.636482688404125419e-100 1.255140544427907602e-78 8.034521436840538092e-103 2.267699330643756905e-22
1.470151897885333520e-38 1.838150662715422700e-31 1.796595514491395155e-47 4.679347211451918800e-12 2.019252633207050458e-47 1.495508155435759888e-102 6.005411169170931096e-01 2.499908517393547469e-29 2.938225522807941942e-02 9.514625070638717162e-23 2.257465645123056560e-48 3.700766278501481654e-01 2.555490552016166621e-50 4.383495329888732956e-66 2.510579188220173449e-43 4.368522511917656011e-57 6.022891631911905022e-46 1.076486735571040860e-102 6.345457498881677066e-82 4.950699893962148361e-21 1.076486673304416027e-102 1.077797806248104044e-102
5.690737333503775053e-103 1.719521914250294513e-66 4.527862945826204090e-13 2.997628729973496152e-84 1.068629131207462012e-56 5.672707757630334429e-103 2.269596501800965060e-01 2.904402657184632780e-02 6.082046483322217124e-03 2.372090415632773473e-99 1.438279825130741878e-35 7.046891287310065211e-24 3.067870300175480330e-34 1.199233262968336125e-19 2.652704948620498993e-01 2.984285754784136004e-26 4.726437819022322739e-01 5.674000231438922086e-103 4.648685629829447813e-101 3.399934420720533129e-20 5.672707757630284860e-103 2.230216556610588873e-66
4.729232700691144596e-47 1.150148797613096329e-35 1.766700135483350032e-01 1.780187447658819021e-68 2.153897244143760333e-47 2.230170072603659222e-102 3.155871926802784839e-72 5.245384863964909723e-52 8.923496642967068726e-31 3.319185829365816180e-30 2.578759890307879762e-02 3.703330884959726161e-84 7.975423874831011339e-01 6.548510468016373677e-11 1.058148289526749543e-37 6.504291860996754287e-33 3.849203865323453530e-65 2.220172684889422205e-102 6.757426032454043895e-60 2.230598719855285575e-52 2.220172622300314585e-102 1.287082018084304708e-80
7.977402306012293802e-103 7.953203026813409117e-103 7.953907186873702803e-103 9.377850252769612064e-71 1.177564164633626754e-102 7.946500097845638997e-103 7.964619691951635447e-103 1.326865906331210938e-02 4.223671592087788196e-02 8.588427950485735810e-60 9.998710248858187477e-72 1.705486634557404019e-26 6.214360805359381488e-49 3.138356465485421384e-56 4.615748202754303664e-30 1.543752318041723820e-69 9.444946250158099410e-01 7.946506381495111937e-103 7.946500097846539174e-103 7.946527914574190309e-103 7.946500097845596368e-103 7.241066498411680606e-36
5.362463875178574910e-48 3.650058747345561115e-24 4.862749955079562084e-20 1.105961225883460267e-87 2.394192158945425072e-02 1.116378124066430773e-102 1.212371933998101118e-10 3.738325754849297395e-40 2.111115676146598587e-51 1.157157875013000055e-02 5.311329841473904158e-50 1.113862261557504868e-01 8.531002733834281981e-01 3.355661102270579967e-93 6.801841107917644170e-35 3.748150460006960267e-58 1.445583671009782973e-26 1.116378124066436325e-102 6.960461781461350089e-40 1.169963632509928693e-51 1.116378124066430377e-102 1.119506386268539373e-102
4.448673023095999767e-103 4.443248304987759653e-103 4.446243548408793196e-103 1.718520358506811927e-66 4.454075193129707011e-103 4.442673612154462606e-103 3.852511830033096658e-88 2.328816707943745906e-27 7.414966831167904475e-18 4.692881209566559721e-103 4.871322507034961401e-57 1.118884049554777802e-44 1.757095682854098094e-42 1.541996352464247116e-93 3.948657314882362407e-02 3.212108533775062380e-58 4.799660220098608223e-12 4.443490663364030060e-103 4.442287199449803597e-103 4.442287199432887124e-103 4.442287199424718619e-103 9.605134268463767500e-01
1.290251134350185845e-40 8.290259897893262816e-14 1.345669838733811741e-01 1.990120078411439425e-28 6.207465607991576321e-25 8.365686593401293590e-103 8.365037040377155084e-103 4.964323977201748879e-83 2.966296971696097593e-74 8.337847435548001104e-03 3.679159400189621198e-53 4.829822682455076809e-83 9.684587914372641375e-32 7.018117263500844611e-09 8.372656143217656964e-103 5.748845222232442620e-25 8.333946819082333889e-103 4.041456847316245452e-101 8.570951616728706979e-01 2.030746362131562582e-38 8.333744162049147735e-103 8.333744162049147735e-103
2.148446069906477696e-28 7.983658989454551769e-01 1.062089989450815771e-47 9.760372681065102444e-103 4.297935616583231184e-31 9.729222079226238659e-103 3.905596876197166482e-82 4.058493896631873382e-102 4.876120792085347249e-41 3.985794627752708537e-07 6.059454877528871039e-90 5.937166920921058387e-31 2.177088490575467257e-90 2.984971532859897630e-42 7.993087995116884383e-95 8.815680183951016307e-30 9.723681308106448748e-103 9.897668174032625207e-03 1.546840672976028136e-40 1.917360343010492685e-01 9.723242569452174876e-103 9.723242569452174876e-103
1.037394894018143844e-38 6.991944005059555369e-26 4.204176200505947980e-01 7.674915617605129386e-30 8.344255239008792346e-02 7.668334284598397428e-94 2.596117573730144802e-17 3.896510269021047334e-12 2.185954434284848117e-05 1.865021532763374568e-01 8.909182473454596574e-02 2.046768171866401864e-01 2.864444548647448392e-23 4.103142088779359546e-36 9.125622223647076951e-85 1.584717281355412302e-02 3.593523541696788760e-86 2.274791038071815831e-59 3.118552961621613090e-82 6.014330975269167579e-42 1.046093205135590235e-102 1.046509752542326255e-102
3.504738315437955300e-84 2.359951939331599849e-77 3.112827806215190037e-77 2.186829892352683635e-95 2.987293051647465476e-45 6.086311009161060603e-01 3.290139354232335368e-103 3.289473764667067962e-103 3.289479983909128818e-103 3.289473687308261591e-103 3.293240396266615868e-103 4.434924318366844157e-93 3.289473809542527747e-103 4.902970988884878735e-20 3.289473684210526616e-103 3.300791486372601679e-103 3.289473684210526616e-103 3.913688990838939397e-01 8.498737820608431748e-72 3.289963753381172157e-103 3.289473684210526616e-103 3.289473684210526616e-103
0.000000000000000000e+00 0.000000000000000000e+00 0.000000000000000000e+00 0.000000000000000000e+00 0.000000000000000000e+00 0.000000000000000000e+00 0.000000000000000000e+00 0.000000000000000000e+00 0.000000000000000000e+00 0.000000000000000000e+00 0.000000000000000000e+00 0.000000000000000000e+00 0.000000000000000000e+00 0.000000000000000000e+00 0.000000000000000000e+00 0.000000000000000000e+00 0.000000000000000000e+00 0.000000000000000000e+00 0.000000000000000000e+00 0.000000000000000000e+00 0.000000000000000000e+00 0.000000000000000000e+00
