6.828037387938712074e-08 8.497920091489492724e-55 4.383222688334490554e-71 2.740958293053681919e-63 1.262977226950432626e-16 3.228046861618116064e-58 4.030631060045653610e-36 2.440416577394888373e-30 3.910309787746735052e-24 5.363758157907621671e-52 1.347280024910044345e-02 3.914647083292642519e-83 9.865271313619471405e-01 6.896520951498465316e-97 1.340600132626230434e-102 9.413767370026882295e-68 2.929635345038413738e-12 1.056487746139235324e-10 1.340664623663818087e-102 6.911817375600076491e-55 1.340419236753352883e-102 1.133834733687837282e-39
4.410371116464351093e-02 1.648049675829353457e-18 1.916809448814169692e-29 8.551275839192391046e-103 6.132169948137529889e-29 1.367200970043231398e-31 2.501158036799635338e-58 7.259683559015430323e-33 6.539612298911513522e-01 9.083360601805044179e-05 3.862165258054737558e-55 6.699879567625807857e-40 3.957125174183803628e-38 8.316235564575453629e-103 2.787282751945458598e-47 1.666768981663987673e-34 8.933100126693536026e-32 2.923806562645306917e-01 1.735995342086578840e-51 9.463569073656341243e-03 8.316224180353378383e-103 3.772385316583397047e-50
4.857363029675820232e-01 3.527798151736749599e-01 1.588854964645470408e-02 8.968412235628672440e-103 6.487539781689214135e-18 4.955874798070797725e-34 3.319017479877099528e-66 5.472962817942146407e-45 3.181113496534285906e-02 3.367156351188295045e-58 1.806964992351257574e-38 3.291702783047512146e-35 3.429591605122489786e-50 8.955090835602469207e-103 1.914208486488691585e-77 1.137841972469452873e-01 9.615674062572236918e-80 6.345216940325340849e-62 5.552551777535880074e-82 2.134525308107440665e-53 8.955090835602469207e-103 8.958608176674450682e-103
2.618319749200119922e-46 5.764792485047331812e-27 1.098075317837724005e-41 1.543059005947408796e-89 1.717501696634351760e-01 3.997390456445142366e-85 6.565664565108112187e-103 3.871180215008030753e-83 1.438030444613954833e-41 2.675928867794086785e-01 5.486000965075455982e-01 2.429554802962089577e-39 9.289552554856795228e-46 1.205684704961043976e-02 2.119302407119623069e-57 1.619886864388829001e-70 1.732082883958163299e-100 1.947870220685686049e-62 1.195238960794941600e-74 6.570821232610311772e-103 6.565664564822157522e-103 6.565664564822157522e-103
1.235681550354511982e-49 9.625983123574218391e-37 1.178355769108491049e-37 2.021046201748000216e-60 4.458736222052834071e-22 4.332536697054823033e-60 1.725974351401106511e-76 6.384254685830807253e-56 1.403784391939279188e-48 9.009239227244942027e-45 1.030930794530131311e-02 2.611267389281552442e-01 1.220192953938165209e-01 1.007962302825646897e-102 1.338511835982664417e-46 5.639922562055697714e-69 9.874451930538852573e-81 9.230378731894492428e-02 5.142408704137819697e-01 2.914108146104852026e-82 1.007765469238161905e-102 5.762838044693091212e-71
1.641576666656177307e-31 8.937228756723885492e-31 3.448410159819798732e-02 3.690412520166617724e-64 5.923363456646658889e-34 3.411003964162200234e-45 6.312056518491005837e-79 2.482068077978335591e-35 7.040006156867015255e-14 7.545379424679366811e-50 6.990753172886474601e-62 1.978911202939053081e-53 9.293622446455657160e-01 1.787717141536777925e-102 3.615365375616595017e-02 1.428057873742246405e-45 1.593121248182808133e-57 2.865302620066932023e-32 4.039097499744140109e-33 2.242249827924164371e-21 1.787649568194026252e-102 1.789042613065698076e-102
4.513891233691213878e-42 1.040696013862389194e-68 6.959412529495650766e-103 6.957484904026649740e-103 6.957484904208557712e-103 7.043026973094171517e-92 3.082675531346519347e-16 4.717220879681579361e-55 6.315478531872552873e-30 6.959264023519085452e-103 6.959533559831439595e-103 7.144012500824417562e-103 4.628840007207033043e-11 6.957484904026649740e-103 6.972119728006381646e-103 2.928444388395376986e-53 7.933246378934357057e-36 2.035411563788046276e-61 6.927595290229709580e-51 1.104531804372509385e-69 6.957484904026649740e-103 9.999999999537113604e-01
1.292220266830540817e-80 5.513884989218229882e-99 1.694209155916413681e-56 7.323257576365305764e-103 3.252839620819735162e-62 8.031284426928354297e-103 3.498455436485909333e-08 1.267682453850764686e-45 2.662650158226267684e-44 6.241496800768656706e-75 7.325394019385050519e-103 3.798104099749957355e-58 4.357233202118263996e-27 7.323257576365305764e-103 7.325735941908820546e-103 1.439643315893919846e-19 9.772873942012478832e-01 2.556970987067820257e-45 5.091502323049370616e-83 2.271257081419763083e-02 7.323257576365305764e-103 9.570089796346138575e-56
2.315030575238402437e-32 1.108536203359956340e-65 1.543840828265974448e-28 2.612688721802155915e-97 1.114146069195196963e-58 7.239164607349612979e-02 1.549200292125658827e-69 7.388747278980106747e-01 1.136521411295899481e-01 9.217200557291285469e-57 1.690972896795693926e-53 1.136985634424428269e-76 5.616259784364006913e-02 9.028420109499705583e-103 2.037413315802796310e-79 6.761409278617263890e-27 4.304513137134250204e-73 1.891888705526320255e-02 5.936083343828699156e-50 3.749634422754457628e-40 9.028418305874255202e-103 5.628346248649969531e-61
1.611907869557389170e-48 2.183454771271185479e-01 5.543699708817590999e-01 9.362520213216180302e-50 7.341643168074833057e-68 4.714699386909991219e-24 2.961760503041060112e-63 4.201961997921283701e-66 9.129899295663469749e-02 5.505756567581535746e-25 1.082083037902505672e-36 2.571445743848093518e-02 3.420436778542542375e-61 9.487038525819861892e-103 5.806669348642935924e-07 6.268645094838781345e-41 2.247237660937477670e-91 2.713265937907243126e-27 1.102705209290719551e-01 1.267991601966816050e-41 9.486970872346850246e-103 1.784685306440306732e-69
5.389425308436402245e-13 1.840119913262260043e-01 1.452654458176401520e-48 8.132005995369627892e-103 4.999756834846762477e-01 2.986095994309936330e-01 3.868092039342353446e-85 9.572760846848011926e-55 1.740272575756512952e-02 7.269717430953613198e-41 6.548448953754366358e-74 1.390145739839655956e-69 1.765055356988736804e-40 3.248149200333532538e-32 3.834885076655160337e-64 8.678088041972431050e-50 1.628325025839348945e-65 3.725831351029315074e-43 2.418263137740013951e-59 2.133895368550812406e-40 8.120632973787622656e-103 8.121878255440043969e-103
2.412040428083308541e-01 1.832362518204457388e-19 3.484335091705707999e-62 6.570618895992388159e-76 2.229356424343859199e-47 1.760926930772472145e-26 1.493528377511887867e-15 7.966638768875419884e-69 6.368734899472444644e-02 4.618870074493926225e-02 1.440754257327250683e-75 1.998893771981392392e-102 2.987444775232871995e-58 1.998893339900668519e-102 1.087045409062997671e-80 2.498852951749817863e-37 6.489199074520040078e-01 3.136698964588476603e-53 1.086713465948375236e-60 1.726448161989672999e-33 1.998893339900668519e-102 8.374215623281905728e-94
3.073833153494264707e-33 1.588303264165824818e-25 2.828074046146268753e-22 5.280353533679327033e-103 3.447442673275241676e-02 2.673831348441705389e-68 8.150302529332547457e-59 4.840340448036364110e-60 8.162544610167424229e-50 1.568896127292973564e-02 8.858854577763470221e-43 6.138329007207200816e-02 1.072974281162084509e-42 5.270214363178430706e-103 4.067553120696953949e-27 4.558909436649248431e-29 6.068204531593042760e-32 5.471965645032895731e-01 2.314503294390872873e-57 3.412567574189562247e-01 5.270214363178430706e-103 5.325094485495872847e-103
2.301072765704482611e-85 4.321673581670472148e-70 2.527069671262155109e-55 2.334191859396501299e-52 3.618126015688895503e-89 8.313857103720863374e-73 6.896798802417373917e-103 6.898489111849560998e-103 4.881707219049087816e-82 3.091561533394163949e-39 6.641106210787040779e-47 2.245831871096322131e-94 1.095213751776048765e-87 2.702162177339411827e-59 1.000000000000000000e+00 6.904160331679203062e-103 6.914244465191838156e-103 1.634952161095044841e-84 3.808130565938557381e-36 1.390632358367314654e-100 6.896798802391864628e-103 6.896798802391864628e-103
3.365802475664342597e-50 1.149861306675657446e-01 2.412082600067988192e-01 2.807410727641295620e-71 3.425677680418465753e-69 7.349420176620431733e-02 6.591827688783006844e-103 1.032269556772505532e-83 6.797236927005860865e-03 3.912372015131636571e-01 1.413745973979866621e-01 6.572536584013368164e-60 1.084225484422942117e-22 6.591854184063893715e-103 3.090237172127504803e-02 1.283553651524024047e-67 4.579206055317665084e-99 4.507092080477826443e-20 1.185016439454982604e-55 6.601660456587660708e-103 6.591726036481171427e-103 6.591976370996965767e-103
2.001327779520813838e-02 4.320431837877028818e-55 1.305871555377478028e-33 6.694789068615516799e-103 2.687113923039939276e-02 1.604018292792251011e-24 6.924960412992176018e-01 2.180726866809482301e-01 6.023915120673005200e-28 1.137177768488676530e-55 3.809006470052697677e-53 2.735629173774365803e-20 6.871201456344941394e-03 6.689750854445857462e-103 6.689311665858045329e-103 5.993921295669829062e-26 4.007503072617803410e-22 2.491017206300345605e-07 6.691341368112958431e-103 3.836149589043103655e-68 6.689047148300229629e-103 3.567540443616109419e-02
5.417214697082942145e-83 3.386916842078448476e-77 6.027227029035452114e-103 6.027227016927612689e-103 5.686570207000514986e-03 6.027227022335601915e-103 1.271805898203065006e-09 2.272873262630568288e-34 4.414814263938372465e-37 9.448874439079964547e-97 1.029606153739283759e-78 5.881675988831067126e-02 1.607856279053014939e-02 6.027227016927612689e-103 6.042927639037979516e-103 6.723411338354501376e-59 2.663867050488871255e-43 8.362545270249138121e-82 2.290004087482790171e-97 1.034628244232738310e-02 6.027227016927612689e-103 9.090718234000254583e-01
1.810372227591083935e-60 1.117891126609804053e-01 8.689838506650203989e-18 6.303863315595349231e-103 9.531888536044675418e-69 5.389266694687677767e-36 8.092957504888791558e-13 3.543447043164098660e-39 3.778014603707320906e-07 1.401740586334115202e-28 3.499926123415214208e-47 1.539114998261901309e-27 2.130095155902712668e-39 6.312459513159752453e-103 1.553908264717411587e-95 8.623182799606636806e-01 9.201324803657748361e-37 8.285562441047277805e-36 6.303863315595349231e-103 6.532793324321395349e-23 6.303863315595349231e-103 2.589222957608624739e-02
1.315341054900603498e-82 8.561894366496212357e-46 1.817455987762799929e-01 9.663394852916402334e-73 2.790405539562659792e-62 1.405575125266197796e-102 1.404786024080816884e-102 4.360820209005259135e-64 3.288993025373320580e-37 4.870808710926322361e-66 2.263364297140905979e-01 1.817068495688528528e-83 5.919179715096295480e-01 1.404785742208454473e-102 6.951752424300740344e-54 7.726120609153191904e-43 1.786638400270750269e-102 2.437978272657082928e-37 1.405382385067718355e-102 1.645764411702776498e-21 1.404785742208454473e-102 1.405391810258521153e-102
1.367416233722797209e-38 6.685828364115355063e-09 3.211775777837653638e-15 1.414268036494521288e-102 4.692324294123341750e-97 2.507490011063125277e-48 5.685815138046346195e-01 3.127090458259842998e-01 1.017709193710084300e-34 3.285625157510511702e-21 4.776708555798440013e-57 2.322785018367105354e-28 3.134355002681349173e-27 1.418319529835868308e-102 1.417857327193735752e-102 2.317171527506912851e-16 2.129162994523028946e-17 1.186868727787424027e-01 1.414286158446461145e-102 8.147745628900097053e-38 1.414268036494521288e-102 2.256090480681036502e-05
3.295138004771072664e-103 3.290765523506909895e-103 3.292532625380212841e-103 5.010115353493735935e-01 3.289473888848457470e-103 6.790945061244054195e-33 3.289473684210526616e-103 3.292341037941743639e-103 3.294464147470343196e-103 3.529383214111398262e-61 4.025435602912129664e-79 1.633661973394766886e-87 1.207875089526360957e-87 4.709159771462804733e-01 1.158762826616185531e-76 3.299340868640731065e-103 3.294190421781786060e-103 3.292386557242687157e-103 2.807248750434594362e-02 3.291642325087707352e-103 3.289473684210526616e-103 3.289473684210526616e-103
0.000000000000000000e+00 0.000000000000000000e+00 0.000000000000000000e+00 0.000000000000000000e+00 0.000000000000000000e+00 0.000000000000000000e+00 0.000000000000000000e+00 0.000000000000000000e+00 0.000000000000000000e+00 0.000000000000000000e+00 0.000000000000000000e+00 0.000000000000000000e+00 0.000000000000000000e+00 0.000000000000000000e+00 0.000000000000000000e+00 0.000000000000000000e+00 0.000000000000000000e+00 0.000000000000000000e+00 0.000000000000000000e+00 0.000000000000000000e+00 0.000000000000000000e+00 0.000000000000000000e+00
