5.887502684016074905e-01 2.570407431409513755e-58 1.568721568249885040e-43 1.261416009805141779e-33 4.843137239451031399e-84 1.032475650116809167e-53 1.962486209768353209e-57 7.094073847830524983e-44 8.836886855080115435e-48 2.501309371981535503e-64 1.101079316987395550e-53 3.084134029185185712e-92 3.683214448116482588e-57 3.114492486533460262e-66 7.125447259262870082e-43 6.699929519293666801e-102 1.817243273192515731e-44 4.112497315983925650e-01 2.086801203661896768e-49 7.114033455741206403e-29 6.975124238548463709e-103 7.020312759819074442e-103
4.337088521033690169e-50 6.791073578113426408e-103 6.750955404512311967e-103 6.711651298019912669e-103 6.696652417673556789e-103 9.957120382569282209e-103 6.791032011736775733e-103 6.149860960150659154e-75 5.239958973140018510e-03 6.696652417661392513e-103 8.156843941801196207e-01 6.706461867956683554e-103 1.790756468467403772e-01 1.067649778557975374e-56 6.705352513545890972e-103 6.696652417661392513e-103 1.992868339641130054e-39 2.009904864733913658e-75 6.748709568770253105e-103 6.741229360212502496e-103 6.696652417661392513e-103 6.696652417661392513e-103
1.281036969893518930e-64 1.223162707862110183e-102 1.224897245734067874e-102 2.296450593459009593e-01 4.483829454275258793e-78 5.291304858876075769e-73 6.690009840096213981e-36 8.128529766254088084e-67 2.813174991477953788e-57 1.017036829990801591e-63 3.579564917602999656e-70 5.748811163047869171e-88 7.048213824069622384e-09 4.575025861292433040e-58 4.898308949468413442e-01 1.222284093214597466e-102 8.531716739386581427e-02 5.573579834870330540e-02 7.802177151470290800e-42 1.394710729164746754e-01 1.222284093214597466e-102 8.180733822461351931e-96
1.160520049491220991e-102 1.158360301436361252e-102 1.158536942577928089e-102 6.623677142137494658e-75 1.399094783586714152e-46 3.344347205431441350e-73 7.237315025962707260e-01 1.450344336438476553e-61 4.897892753791138186e-68 7.743929485996265757e-07 7.706249907383441566e-90 1.741670316677574396e-50 1.171302316984201124e-102 5.146596637905009112e-28 1.842924059945940748e-76 1.158360301436361252e-102 1.168442881366538247e-102 2.016876722912212474e-75 2.762677230107807302e-01 6.698211503802319258e-68 1.158360301436361252e-102 1.172824254619044905e-102
7.845667213088457076e-103 7.831592578193214551e-103 7.887594244336585860e-103 7.133276139754826661e-02 6.107573250234099806e-76 9.525837976502623404e-69 4.103036827555360577e-18 8.133894338370846052e-73 7.862830159110042642e-103 3.203226744558509872e-67 7.841337258124332070e-103 4.571237793970007384e-61 1.250542453705751248e-34 7.900497580881728138e-103 3.626342853291328284e-53 7.829549224135746370e-103 7.829549224135745379e-103 7.902900224305209183e-103 4.730303811681565483e-47 1.940580426933434521e-01 7.829549224135745379e-103 7.346091959091083368e-01
6.686868003452137103e-103 6.686868003452137103e-103 6.712806609607766892e-103 3.405286380077975766e-02 2.470106872183023292e-09 3.834913253523998256e-01 9.658526506484691154e-43 1.501624297592942334e-77 6.450745539347254680e-88 2.331501522682913885e-01 6.686904023616727816e-103 1.803931755439984160e-03 1.534574085093239367e-72 9.922830406316786740e-34 7.404224131634663254e-60 6.686868003452137103e-103 6.717856724400503175e-103 2.111897497148038188e-15 3.475017243529801014e-01 3.868043216467504789e-61 6.686868003452137103e-103 7.723993696978834465e-58
8.526653190675242358e-103 8.532642573236172827e-103 2.487972662993016837e-02 4.982055950714645021e-02 3.556960287162038419e-23 1.142264520425226025e-67 2.266332710811573449e-17 5.194634070610913227e-25 4.452747568004094741e-38 1.402780850592464411e-44 8.526653190675242358e-103 8.284425487732203219e-01 5.487261546729800255e-16 8.526900742791125175e-103 6.900566856070565537e-83 8.526653190675242358e-103 3.131241365128988884e-39 2.276677217039406015e-49 6.182592725984314974e-02 3.503123782985940321e-02 8.526653190675242358e-103 1.890214145276743131e-31
4.727638310881186744e-68 8.293291129075169698e-103 1.229743958077764571e-01 1.070096680449471719e-92 2.275794364355804011e-01 6.288360253103310038e-01 4.843110099452328434e-64 6.185836680315461354e-54 7.177675959575304656e-34 1.289980613113025241e-53 3.708858474719219118e-86 2.573497550929326505e-52 9.841601939081373377e-77 5.622932959612869987e-46 2.061014244631217268e-02 8.293290533500378795e-103 8.363648877301051231e-103 5.143821181038391598e-63 4.359040806933618832e-72 8.383686793417656076e-103 8.293290533457315077e-103 7.532983997795805520e-36
7.552345878423609515e-50 9.264109593979865097e-103 1.032487861740936236e-02 3.932047517784711752e-16 5.936024870776026018e-35 2.677420522185290101e-53 5.836572094248653410e-40 5.514983033626574827e-01 7.013596848681888374e-02 5.005996515851943857e-02 3.233738309639941753e-43 1.125811973480744114e-47 7.859191568202469891e-02 4.906183478730816343e-19 1.807966886247284618e-29 9.198811843286604286e-103 2.530266702514414003e-58 1.101524909548690654e-58 3.643037759028304532e-18 2.393889686925697591e-01 9.181916383392230191e-103 8.963557896423685189e-54
1.188879110238685089e-102 1.183901213722160377e-102 3.742061672393115091e-53 7.947491967317763538e-45 8.566887482477982369e-26 5.276504108956776354e-63 1.534941347767126024e-66 2.014335926796552845e-52 1.213752019399227224e-54 1.913062905046907236e-01 1.183535772527768372e-102 8.617241521435738594e-18 2.104180804715144381e-32 2.054717163378935264e-77 2.130354717883332351e-53 1.183526507267380978e-102 1.191015697707173608e-102 5.362374105335259968e-80 5.717182980079706994e-29 9.816254007297645028e-17 1.183526507267369875e-102 8.086937094953091654e-01
1.561983399791207899e-02 9.982383806387123476e-10 2.597152355449746097e-01 1.434725301019886866e-72 6.634937093742855111e-103 2.631691154216969100e-73 1.401822990944794432e-95 3.010415766649384905e-35 4.597074561631751455e-49 6.668172800156279139e-103 1.394564078786261485e-01 6.697516128578956308e-103 5.852085215802488305e-01 6.291126030841303501e-39 8.422093294794516176e-48 1.786215680530594995e-37 5.783027593234996335e-62 4.782478500795760406e-87 6.643798383970184272e-103 5.278317069752156201e-91 6.589203847908204764e-103 6.593400735009885097e-103
9.299651171187536003e-35 6.631233911871442154e-103 6.631233911871443145e-103 6.653992166104104742e-103 2.171027743244232155e-14 1.845372307809559721e-58 3.370549843553574076e-78 9.360545629296244765e-79 6.670783705479218505e-103 3.307595271027267776e-63 6.631234030776634484e-103 8.358387232953710250e-03 6.632548130785053652e-103 6.640129893382349481e-103 5.103013562492763472e-02 6.631233911871442154e-103 1.141730728339479145e-40 6.658278905426295127e-103 5.955037363471108205e-99 8.956499672612457460e-21 6.631233911871442154e-103 9.406114771420969189e-01
6.033671020745802777e-85 8.057958622653724676e-103 3.269138392915300395e-57 1.296800843742885517e-51 6.152237212681873330e-69 8.173219539564047681e-103 7.308851377263148905e-29 1.631169428847942943e-02 4.997502168867119313e-49 8.058022554093311641e-103 5.400004655850077634e-02 8.074991639763912308e-103 7.441810648544565041e-54 9.296882591530198914e-01 1.807793256537763847e-51 8.057126266154954582e-103 1.314516157774247873e-62 1.967325857059547386e-66 4.862423815057455454e-71 8.061436906945684165e-103 8.057126265523027884e-103 8.061226805795255631e-103
5.114086206225171988e-02 8.668056538412857561e-103 1.942982124311408709e-01 1.744138621080776608e-01 4.903382140834865107e-75 1.963896971497136686e-37 1.117218512939205916e-75 4.818196538020069059e-02 1.699555065050233071e-01 5.124512226588154448e-59 1.813096417501791624e-02 9.768266984934438971e-03 1.092542590641129839e-29 4.389666346545487753e-14 8.719359370967379437e-103 8.667009526114819422e-103 3.370365817913628078e-94 5.776667654375212981e-74 2.803359320076366772e-50 3.341103603533094879e-01 8.666481679421239767e-103 8.746087875022078153e-103
3.109607085099531045e-57 1.476970311906374143e-102 1.476970580691178613e-102 3.882899739533501871e-01 6.311339856670990276e-91 2.418133476930138803e-01 2.355024304125746898e-60 1.266700200810513266e-01 2.367335290241997028e-02 4.535459784752919858e-71 1.479363172296880437e-102 4.411711768117249805e-97 4.450996060275532290e-75 1.348779514608239493e-76 5.523880730425649018e-34 1.476970311906374143e-102 2.244736840998122594e-95 1.921073914957204978e-82 2.195533053701646253e-01 1.479564295064925562e-102 1.476970311906374143e-102 1.485675804676769201e-102
3.277133734587576175e-01 6.467732722236988558e-103 8.833318422674574267e-89 6.470488604669355086e-103 6.489217371239411274e-103 4.144599760678202917e-89 6.538782302790815681e-103 8.765365937562288078e-62 4.232592578851047280e-60 6.465308574028003540e-103 5.989105398105385996e-41 6.518496883918302777e-103 7.165399898159141115e-55 1.720933249567654793e-47 1.245537689835540805e-102 8.882631148588799415e-66 6.722866265412422715e-01 6.676180785596066060e-78 6.474490850129404716e-103 6.505824016435234072e-87 6.465308574028003540e-103 6.465308574028003540e-103
4.232367900218746890e-24 7.558280754095458188e-40 5.304511574268887583e-31 4.718570612410297839e-63 7.609426667987008671e-43 4.931401971170211712e-20 1.315676525556677538e-70 3.883266358437140187e-01 4.544094906753593510e-01 9.073414247708357946e-103 1.312755981765164192e-42 2.506801413957302958e-85 4.947949044808466237e-13 8.902056093796608663e-20 1.572632561083106006e-01 9.057265414213855657e-103 6.173721212604404957e-07 3.566014498425823381e-53 2.426501423569506136e-57 1.488454552491100574e-87 9.011940065191296332e-103 9.013406733849523672e-103
1.277047766154639899e-30 9.231948404498177811e-103 5.292431815346316213e-33 9.969298915106131198e-03 2.226640456860461831e-02 5.552676129999950439e-44 4.985874070825526694e-01 1.168032388450327905e-02 1.892794780922597009e-01 2.585879640105533395e-01 2.640309343213422284e-59 7.085927207175853014e-37 9.295437223290649465e-103 2.111912623570346380e-23 1.778619758922215618e-26 9.231931384458865334e-103 8.351613029599244620e-68 1.558198252232257808e-41 9.629123446420161103e-03 1.814991553677460208e-61 9.231919442090458026e-103 9.415379368005299113e-103
1.010338576527762441e-102 1.010338576527762441e-102 1.120196150650022877e-02 3.149131240881226303e-45 9.887980380786040024e-01 5.403964324267595767e-64 3.456025991456953429e-67 4.269470771991500949e-89 1.362510864148313781e-66 4.417423084171461106e-15 1.010338808359348981e-102 4.148914241140414228e-10 1.010353450801347983e-102 8.516238439785162721e-80 1.280186300889888012e-74 1.010338576527762441e-102 1.018090005487903922e-102 1.015464427193211396e-102 2.822287159318798061e-86 7.945321397460484783e-75 1.010338576527762441e-102 2.622190472580257711e-51
1.479476322678935441e-64 9.530399506162584696e-103 8.738022913257586750e-53 1.248982736781994655e-72 3.206043655558868073e-31 1.860482224020030700e-70 7.561742695859497397e-03 4.223612434858522753e-38 7.957331576564329045e-02 5.540558246425781685e-29 9.534982277355409172e-103 4.859030054854311387e-01 9.675110902471141996e-103 3.128919791757136369e-69 1.212168313165218232e-54 9.530352374188016500e-103 1.013916728156898947e-67 4.269619360530660934e-01 8.286530558359434263e-52 1.461346867598078554e-71 9.530319447044765084e-103 4.541519415493274898e-63
8.130916748304989122e-84 4.912116495994057752e-01 3.323030339575529785e-103 3.290262721912892578e-103 3.290135992898799595e-103 3.289927886710765939e-103 3.289747373802237885e-103 3.318317422100293314e-103 3.299538606877363583e-103 3.289473684210526616e-103 3.323487614099086742e-103 3.289538783613296197e-103 3.244727110497600091e-73 2.727937337908220054e-72 3.299838211726831757e-103 5.087883504005942248e-01 3.306993960730372190e-103 3.311225238832847548e-103 3.289473684210526616e-103 3.298423392978055563e-103 3.289473684210526616e-103 3.289473684210526616e-103
0.000000000000000000e+00 0.000000000000000000e+00 0.000000000000000000e+00 0.000000000000000000e+00 0.000000000000000000e+00 0.000000000000000000e+00 0.000000000000000000e+00 0.000000000000000000e+00 0.000000000000000000e+00 0.000000000000000000e+00 0.000000000000000000e+00 0.000000000000000000e+00 0.000000000000000000e+00 0.000000000000000000e+00 0.000000000000000000e+00 0.000000000000000000e+00 0.000000000000000000e+00 0.000000000000000000e+00 0.000000000000000000e+00 0.000000000000000000e+00 0.000000000000000000e+00 0.000000000000000000e+00
