1.141762626882796428e-04 2.365608835661694195e-45 2.144203684255720771e-17 7.395329211938590774e-03 3.040708423259249672e-63 3.214988600065958574e-85 2.152629623653837259e-33 4.162986302747642603e-44 6.494485607574225927e-103 9.956450709399948021e-44 6.499557072033928028e-103 7.562339577980887505e-42 2.987869033845677112e-43 9.681528438641660769e-58 1.117605875430595769e-102 1.470423274047455311e-07 1.021136676323351018e-31 9.924903474830456540e-01 3.077485258997265879e-97 1.909449506466976143e-53 6.494485607574225927e-103 3.507233218345153500e-67
6.059464643637415554e-33 1.179517134244605311e-64 2.126500157235758883e-22 1.538826106394760273e-27 6.196704524954983947e-33 6.614019162242537523e-18 5.438610808407059460e-01 1.061690509639833359e-43 6.140705969887382581e-103 7.834472648224799510e-22 1.210323540927042960e-35 1.116214755725649377e-01 3.428767984629130751e-47 2.922950418778561106e-41 1.227989558301090822e-65 4.728711375394479099e-92 3.445174435867291440e-01 3.985033539946419931e-52 6.152498502363514734e-103 9.513528282440083544e-23 6.140705969887382581e-103 6.165951916328102611e-103
5.267558504215159171e-02 9.525358622283316531e-83 1.386168423855378382e-68 8.945249761671907415e-103 1.649245084379739772e-64 4.613526036537657444e-88 7.128207201525818075e-51 6.912623278709191665e-31 8.945249761669488439e-103 2.534006845197407931e-01 2.461818857906886901e-52 2.313017527384948154e-20 6.534569504790843641e-01 7.287991001941358395e-69 2.767998338016651292e-66 8.945249761669488439e-103 3.184008969162301257e-51 6.675265131799333594e-52 8.945276939533592774e-103 4.046677995902325103e-02 8.945249761669488439e-103 5.436907246914095445e-56
1.220537364686035470e-61 4.732119580863564656e-01 1.403854387086153400e-83 7.519247771079159495e-30 1.010370219565284925e-32 4.645850948123270439e-50 1.375208837248159310e-64 7.146961669239046664e-55 2.865636530380823166e-02 2.753505418879234239e-54 1.376697840930602516e-70 4.763515694986828373e-56 5.763695346476576207e-70 7.526592382726933483e-02 4.228657527799092319e-01 1.441302396629756825e-14 3.166648479720243494e-59 1.880981341451667621e-80 1.336174105033340144e-62 2.642351732469953608e-12 1.432892382367593914e-102 1.433352227583571224e-102
1.382084902689754733e-43 9.485470233613954214e-18 4.620073938053349478e-44 2.339503860126491409e-74 3.698765255710100859e-13 1.225780444945428170e-02 1.424619623269313669e-27 5.089700447631717584e-01 1.044143334753811403e-102 8.157533125781137897e-09 4.187049387518000461e-46 2.358251564939230216e-02 1.480246252392924630e-88 4.551896269800786987e-01 1.705309630382876209e-55 1.068037389173889555e-102 5.570294837706008648e-67 3.965416170758827620e-55 6.808391797494111907e-51 3.809012132691992872e-41 1.044143319183126609e-102 1.054477101945535383e-102
1.734831499296267954e-01 1.821260999271501202e-02 2.674462931699873721e-40 9.484597634988947980e-25 1.820244967483167498e-01 4.413349857667166256e-18 2.114548276582259301e-01 1.710977776263460925e-01 1.610471998229958536e-102 2.338028518323416564e-55 3.652665954621084386e-23 1.774151015140527099e-56 1.609511433602334452e-42 7.035891680481852129e-19 1.638051328895262841e-57 1.610471998229958536e-102 1.993944204310784188e-02 1.256420198701360321e-36 1.080074061680824250e-80 2.237876960016615402e-01 1.610471998229958536e-102 1.138969323942923731e-32
3.021233562334711964e-01 1.032527853593123796e-16 5.557462605938710013e-32 5.475644288556163336e-02 8.596867957878152888e-03 7.132521019144291927e-66 1.089497353095529066e-02 3.588545606871298976e-01 4.798103570505348927e-37 1.853760414164072941e-22 6.388217730018895650e-36 1.367367614644651730e-01 6.127834889602316814e-36 1.572294858184898647e-46 7.307547490259116209e-73 2.385358720507805771e-02 4.489414733625916699e-23 1.928244630190500926e-33 9.833979644434310997e-69 9.527717075205341390e-02 7.915188356292058976e-103 8.906279283407089048e-03
4.368937461017030066e-01 1.462239075979537131e-61 3.666139106821171278e-01 8.020833438187070103e-44 1.261290677710115785e-02 9.533946656503081079e-103 2.585437145808671509e-38 1.999382553749198040e-03 9.536791558254540576e-103 1.127689793755317360e-01 5.556511962115334807e-48 4.167876586407687640e-24 1.369368687376206407e-18 8.245921828101663583e-48 1.081182323044659247e-46 4.237964274953770362e-55 4.677105953565410135e-64 5.951754847490444113e-44 9.571500399675352379e-103 6.911107450979780964e-02 9.531385948785483436e-103 1.358093709645106050e-59
2.638785440539424443e-102 1.212748371689754192e-91 1.027311001343548073e-90 1.000000000000000000e+00 1.873500868540461658e-36 3.713009381344335066e-76 1.481506001264999587e-63 6.784248670069102189e-62 2.632883738872234875e-102 2.636128614728056766e-102 1.215101439220823167e-43 2.632886341510398418e-102 2.632883738872234875e-102 2.665215157095767640e-102 2.858514314745410606e-28 4.279432543906083479e-30 2.517191921385792873e-54 2.634378857790028078e-102 5.338445000009921284e-68 3.661316831774845108e-101 2.632883738872234875e-102 2.632883738872234875e-102
8.124374037926153921e-10 3.649162990067508164e-52 4.916071634587218520e-01 1.138478372177289381e-102 2.256164717493781141e-02 6.498307892781450340e-32 2.378651046524115140e-11 1.052390690124435551e-28 1.138478372177289381e-102 1.175710511606639932e-32 6.949584519324325707e-62 2.951689151064778027e-01 1.906620674868565735e-01 1.468337386060279769e-28 1.189560469118065308e-66 1.138478372177289381e-102 1.055083759853299400e-16 1.235235931844877649e-39 1.138481300846964929e-102 2.297894141190612296e-61 1.138478372177289381e-102 2.059367818833565517e-07
1.659869048999907948e-01 5.589145310102225928e-01 1.590637263182579065e-44 1.389674238594078570e-01 1.079462517488487693e-45 8.832234869035222327e-22 1.361311402303787277e-01 1.596675583051199068e-42 5.850979235490690234e-103 2.045337218700769493e-78 1.376172093492943243e-40 5.857251231548188009e-103 5.910274585178277612e-103 2.451673826706326639e-57 2.163800295501927237e-47 3.505438858836270058e-46 1.308891807617275323e-49 2.250056234892781587e-54 5.861039328729081291e-103 8.553102433165342374e-52 5.850979235490690234e-103 5.850979235490690234e-103
4.634205570104432930e-07 1.695553300044948157e-73 6.855017303841436770e-69 1.017767668012294590e-102 5.486332625413254818e-48 3.015068970911981020e-81 9.168197159506426865e-47 3.082553028313890159e-42 9.638354333790257202e-103 2.072399405615071092e-46 2.903776211903128692e-77 8.600383273198075607e-02 9.139957037937905815e-01 1.954019814863477813e-29 3.346825605255699091e-83 9.638354333790257202e-103 1.903114320677517140e-47 1.925143103330337908e-48 9.638578434500487866e-103 2.423549812240851037e-26 9.638354333790257202e-103 5.367169854531388649e-11
1.066115120158044322e-31 5.539273928710950594e-36 2.745781583884749669e-30 3.304571678249971444e-103 1.584104034813707770e-42 2.085879284442135360e-80 1.715421529225803062e-66 1.164439020055370740e-64 3.301694645290661021e-103 2.198082312371397885e-71 3.308323987861477683e-103 1.549928106111901801e-31 1.347595318410395278e-31 5.788437286191116751e-58 1.192878774428000191e-76 1.006307127612757720e-43 2.182941722974060292e-49 4.621970660898226194e-61 3.301694645291011970e-103 7.042513987971817588e-43 3.301694645290661021e-103 1.000000000000000000e+00
1.959431853446217516e-60 1.025849703536635720e-78 1.456398727458747983e-40 3.859954732551447675e-92 5.510679980704492856e-96 8.611368451240752012e-65 3.387893171778052816e-53 2.042325570230649739e-48 1.050950797276569891e-102 9.453672362760713592e-48 1.340056921242557138e-42 1.135141040800444885e-53 6.779858854032776438e-01 1.588573944227956136e-38 1.435252888474027517e-93 1.050950797276569891e-102 4.812597218085710652e-48 1.127304705061366695e-51 1.050952623084314596e-102 3.220141145967223006e-01 1.050950797276569891e-102 5.028903028075180293e-70
1.312933537453359334e-01 2.165803762849929262e-58 1.050332781647350044e-35 1.903856226507244356e-32 5.702051132902682395e-01 2.825990830493561167e-42 1.186760310433739092e-34 1.257949290002763809e-38 1.022374055538137333e-102 3.933736233036988942e-76 2.013601460865972193e-01 1.025259881416979621e-102 1.023812876688805557e-102 7.175871689385017460e-02 5.071377320478200353e-67 1.027219689352991135e-102 3.714980021033587727e-34 1.312222742906599579e-72 1.026053531292199854e-102 2.538266998394843668e-02 1.022374055536622896e-102 1.022847586961463124e-102
1.466725703364616940e-102 1.477729838571919984e-102 1.489274036445967374e-70 2.298512363841638346e-33 9.795385981469805939e-78 2.510793538197976966e-45 3.989214980193968282e-59 1.468839904119286356e-102 1.464124168970526274e-102 1.470237982571592506e-102 4.518200331384121045e-63 3.515094771938586502e-80 1.472589737073588950e-102 3.445018708110685066e-62 1.000000000000000000e+00 2.958267421922974511e-72 9.759207758391180251e-60 9.682715770375090012e-100 7.990755587022798997e-55 1.561768529826481577e-62 1.464124168955939850e-102 1.464124168956182739e-102
1.082328122849243376e-54 8.664903536601556433e-02 8.336746725321986240e-02 8.722224254347646016e-73 4.049533525019398859e-41 1.276025885629157715e-80 3.396693344456546984e-09 4.576409762285989443e-40 9.415976352392921153e-103 3.346622367182996126e-17 2.610149628355811456e-49 6.713561342340671330e-32 3.344321986304729823e-25 3.699143511542188345e-01 2.046327945559654689e-68 1.077891135946162800e-102 4.600691428298523955e-01 5.703147076084106248e-41 9.461825619706602724e-103 2.317771322505258926e-20 9.415976350751039337e-103 1.148642105978664707e-38
6.588427657585207284e-103 1.867758796042222558e-25 3.701769435455913345e-29 6.553710437791741930e-103 6.950075484186731524e-47 1.322833380703574702e-01 6.808451083102669612e-26 3.970351789783504462e-30 4.841775588492957031e-30 3.119820698386189251e-01 3.810438471260872270e-63 2.041045938798404236e-01 3.516299982111830702e-01 2.097646515881387983e-40 8.385261420954555197e-49 6.543625964770573259e-103 1.618390656896672936e-81 6.456106369855217060e-53 3.301713865736811390e-79 6.975183487890448513e-34 6.543625964770573259e-103 1.115697083075862525e-101
5.921446263666951815e-02 2.925724050378005383e-15 4.919257180451421912e-103 1.288790482914298218e-72 4.552715516735067726e-51 1.995295953113498111e-01 7.491681646674820194e-43 4.513724761170525616e-31 1.851159665624939727e-59 2.099697291832455919e-72 7.412559420484752248e-01 4.901961257217907531e-103 4.901960784313484468e-103 4.901960784313522141e-103 5.553604573336461295e-78 4.901960784313484468e-103 7.479723306936649724e-37 8.720604823010571829e-81 4.960190575036326408e-103 3.502528998279399550e-12 4.901960784313484468e-103 4.901960784313484468e-103
3.446335945364085037e-10 3.383360199447560390e-01 3.006097256100858095e-01 7.607892854246707758e-63 3.431549720339885368e-01 5.899617074318357846e-52 5.998768858500299008e-60 6.001324020587969500e-45 1.411816206311689892e-102 9.462472921450453180e-17 2.671932474170470222e-47 6.294870971539363538e-43 4.153681060696781819e-80 5.116836338401319735e-38 1.540822790607478304e-65 1.789928206549605202e-02 5.668600499484008923e-50 1.245932273069313991e-21 7.760241693239922048e-87 1.039836791132236406e-12 1.411816206311689892e-102 1.937398323865372847e-18
3.292284677904253239e-103 1.847342051861062838e-87 3.289473684210526616e-103 1.294815964932135799e-54 3.323582209214259348e-103 3.293604809665251091e-103 3.302302769460532496e-103 3.299899008540470502e-103 1.183594460495101947e-01 3.289473684210526616e-103 3.302164136355040499e-103 3.289473688551104596e-103 3.289473684210526616e-103 2.459039063832658420e-89 2.246682992355196197e-55 2.105879223715095283e-01 7.186918273261985712e-99 3.312129603350459815e-103 6.710526315789803187e-01 3.289473684210542478e-103 3.289473684210526616e-103 3.289473684210526616e-103
0.000000000000000000e+00 0.000000000000000000e+00 0.000000000000000000e+00 0.000000000000000000e+00 0.000000000000000000e+00 0.000000000000000000e+00 0.000000000000000000e+00 0.000000000000000000e+00 0.000000000000000000e+00 0.000000000000000000e+00 0.000000000000000000e+00 0.000000000000000000e+00 0.000000000000000000e+00 0.000000000000000000e+00 0.000000000000000000e+00 0.000000000000000000e+00 0.000000000000000000e+00 0.000000000000000000e+00 0.000000000000000000e+00 0.000000000000000000e+00 0.000000000000000000e+00 0.000000000000000000e+00
